//This is the Matrix of Operator and Observable
//The horizontal axis order of the observables are listed as below
clu,clb,cld,ced,ceb,ceu,ceqt,cpt,cpu,cpd,cpb,cee,cle,cll,cllp,cpe,ceq,cpl,cpl3,cHQP,clq1,clq3,clQP,cHQM,cpq,cpq3,cpWB,cpDC,cWWW,cHtb,ctW,cbW,ctB,cbB
//different energy is seperated to different matrix
//The vertical axis order of the Operators are listed as below
S,T,cptprime,cpbprime,cHQMprime,cHQPprime,cHtbprime,ctWprime,cbWprime,ctBprime,cbBprime

//Matrix
0,0,0,0,0,0,0,6.70725657122402,6.70725657122402,-3.35362828561201,-3.35362828561201,0,0,0,0,-10.06088485683603,0,-5.030442428418015,0,0.8384070714030024,0,0,0,0.8384070714030024,1.676814142806005,0,0,20.121769713672062,0,0,0,0,0,0
0,0,0,0,0,0,0,0,0,0,0,0,0,0,0,0,0,0,0,0,0,0,0,0,0,0,0,-32.99018001334337,0,0,0,0,0,0
0,0,0,0,0,0,0,1,0,0,0,0,0,0,0,0,0,0,0,0,0,0,0,0,0,0,0,0,0,0,0,0,0,0
0,0,0,0,0,0,0,0,0,0,1,0,0,0,0,0,0,0,0,0,0,0,0,0,0,0,0,0,0,0,0,0,0,0
0,0,0,0,0,0,0,0,0,0,0,0,0,0,0,0,0,0,0,0,0,0,0,1,0,0,0,0,0,0,0,0,0,0
0,0,0,0,0,0,0,0,0,0,0,0,0,0,0,0,0,0,0,1,0,0,0,0,0,0,0,0,0,0,0,0,0,0
0,0,0,0,0,0,0,0,0,0,0,0,0,0,0,0,0,0,0,0,0,0,0,0,0,0,0,0,0,1,0,0,0,0
0,0,0,0,0,0,0,0,0,0,0,0,0,0,0,0,0,0,0,0,0,0,0,0,0,0,0,0,0,0,1,0,0,0
0,0,0,0,0,0,0,0,0,0,0,0,0,0,0,0,0,0,0,0,0,0,0,0,0,0,0,0,0,0,0,1,0,0
0,0,0,0,0,0,0,0,0,0,0,0,0,0,0,0,0,0,0,0,0,0,0,0,0,0,0,0,0,0,0,0,1,0
0,0,0,0,0,0,0,0,0,0,0,0,0,0,0,0,0,0,0,0,0,0,0,0,0,0,0,0,0,0,0,0,0,1