//This is the Matrix of Operator and Observable
//The horizontal axis order of the observables are listed as below
sigma_1@198.38,sigma_2@198.38,sigma_3@198.38,sigma_4@198.38,sigma_5@198.38,sigma_6@198.38,sigma_7@198.38,sigma_8@198.38,sigma_9@198.38,sigma_10@198.38
//different energy is seperated to different matrix
//The vertical axis order of the Operators are listed as below
cHQM,cHQP,cpt,cHtb,ctW,cbW,ctB,cpDC,cpl3,cpWB,cllp,cll,cpl,cle,cpe,cpq,cpq3,cpu,cpd,clq1,clq3,clu,cld,ceq,ceu,ced,cee,cpb,clQP,clt,clb,ceqt,cet,ceb,cWWW,cbB,ctH,cbH

//Matrix:
-0.0052912,-0.00712936,-0.00651502,-0.00865754,-0.0130177,-0.0124946,-0.0222361,-0.0298776,-0.0343945,-0.0633179
0.000402817,0.000326636,0.000965983,0.00104893,0.000650474,0.00195114,0.00090785,0.00150934,0.0047677,0.00593868
0.00687991,0.00931988,0.00811534,0.0108937,0.0168588,0.0153504,0.02881,0.0384754,0.0423476,0.0795551
-7.49784e-05,-8.86742e-05,-0.000121695,-0.00014671,-0.000165269,-0.000241398,-0.000272104,-0.000384364,-0.000632325,-0.000992043
-0.000855636,-0.000704716,-0.0011494,-0.00111127,-0.000712223,-0.00167706,-0.000631287,-0.000737599,-0.00264473,-0.00175792
0.000112576,0.00013484,0.00013166,0.00016517,0.000218408,0.000211074,0.000334999,0.000429912,0.000475674,0.000806229
0.00234871,0.003304,0.00287812,0.00397814,0.0062673,0.00571231,0.0109135,0.0147264,0.0164803,0.0314076
-0.0846746,-0.107524,-0.134456,-0.173419,-0.213328,-0.274212,-0.353277,-0.496646,-0.721583,-1.17711
-0.0464969,-0.0969888,-0.15122,-0.227695,-0.312906,-0.437551,-0.619589,-0.929794,-1.44652,-2.49014
-0.0894477,-0.137767,-0.196727,-0.276792,-0.385647,-0.528944,-0.70379,-1.06391,-1.62227,-2.69409
0.170844,0.214027,0.272029,0.342458,0.427927,0.554598,0.705139,1.01206,1.43703,2.35075
0,0,0,0,0,0,0,0,0,0
-0.124368,-0.120314,-0.113309,-0.111226,-0.0983357,-0.085698,-0.0578124,-0.0218967,0.0503835,0.238202
0,0,0,0,0,0,0,0,0,0
-0.0268229,-0.0298175,-0.0317944,-0.0339334,-0.0343104,-0.0341211,-0.0324189,-0.031075,-0.028116,-0.0248038
0,0,0,0,0,0,0,0,0,0
0.0675816,0.0837517,0.0986695,0.131314,0.153275,0.197077,0.249885,0.34724,0.498127,0.808543
0,0,0,0,0,0,0,0,0,0
0,0,0,0,0,0,0,0,0,0
0,0,0,0,0,0,0,0,0,0
0,0,0,0,0,0,0,0,0,0
0,0,0,0,0,0,0,0,0,0
0,0,0,0,0,0,0,0,0,0
0,0,0,0,0,0,0,0,0,0
0,0,0,0,0,0,0,0,0,0
0,0,0,0,0,0,0,0,0,0
0,0,0,0,0,0,0,0,0,0
0,0,0,0,0,0,0,0,0,0
0,0,0,0,0,0,0,0,0,0
0,0,0,0,0,0,0,0,0,0
0,0,0,0,0,0,0,0,0,0
0,0,0,0,0,0,0,0,0,0
0,0,0,0,0,0,0,0,0,0
0,0,0,0,0,0,0,0,0,0
0.0520818,0.0500881,0.0466371,0.043319,0.0348132,0.0258707,0.0122086,-0.00577541,-0.0377275,-0.114422
0.000263117,0.000369217,0.000381899,0.000520324,0.000756401,0.000828954,0.00134776,0.00187481,0.00243622,0.00437288
0,0,0,0,0,0,0,0,0,0
0,0,0,0,0,0,0,0,0,0