//This is the Matrix of Operator and Observable
//The horizontal axis order of the observables are listed as below
xsec_eeqq_1,xsec_eeqq_2,xsec_eeqq_3,xsec_eeqq_4,xsec_eeqq_5,xsec_eeqq_6,xsec_eeqq_7,xsec_eeqq_8,xsec_eeqq_9,xsec_eeqq_10,xsec_eeqq_11,xsec_eeqq_12
//The vertical axis order of the Operators are listed as below
cHQM,cHQP,cpt,cHtb,ctW,cbW,ctB,cpDC,cpl3,cpWB,cllp,cll,cpl,cle,cpe,cpq,cpq3,cpu,cpd,clq1,clq3,clu,cld,ceq,ceu,ced,cee,cpb,clQP,clt,clb,ceqt,cet,ceb,cWWW,cbB,ctH,cbH

//Matrix
-0.277864,-0.215785,-0.100777,-0.0788907,-0.0637515,-0.0572941,-0.0543525,-0.0508649,-0.0476689,-0.046032,-0.043726,-0.0425962
1.84368,1.41609,0.646824,0.504794,0.369063,0.368207,0.349947,0.328217,0.308207,0.29817,0.284407,0.277605
0.331863,0.25881,0.123627,0.0979827,0.0802922,0.0727264,0.0692845,0.065218,0.0614713,0.0595591,0.0568616,0.0555318
-0.00588393,-0.00462074,-0.00226722,-0.00181693,-0.00150215,-0.00136572,-0.00130291,-0.00122809,-0.00115977,-0.00112433,-0.00107445,-0.00105019
0.0966307,0.0729007,0.0273323,0.0181477,0.0116073,0.00877671,0.00749335,0.00591671,0.00447319,0.00374195,0.00266129,0.00216299
0.394432,0.316557,0.16619,0.135532,0.113937,0.104336,0.0999689,0.0947245,0.0899314,0.0872787,0.0838091,0.0821563
0.110082,0.0863389,0.0402007,0.0308787,0.0241559,0.021265,0.0199413,0.0183001,0.0168436,0.0160875,0.0149501,0.0144415
-6.07129,-4.75259,-2.26873,-1.79751,-1.47485,-1.33234,-1.26927,-1.19463,-1.12487,-1.08836,-1.04142,-1.01857
-14.9659,-11.7131,-5.612,-4.45444,-3.6585,-3.30818,-3.15162,-2.97163,-2.79441,-2.70452,-2.58421,-2.52747
-11.6854,-9.33656,-4.7751,-3.84654,-3.2001,-2.9221,-2.78274,-2.62867,-2.48396,-2.41499,-2.30949,-2.26838
12.1622,9.49923,4.53662,3.58917,2.9461,2.66577,2.53783,2.3912,2.24843,2.17845,2.08062,2.03578
0,0,0,0,0,0,0,0,0,0,0,0
9.35866,7.29232,3.45949,2.73548,2.24011,2.02577,1.92604,1.8117,1.70465,1.65106,1.5769,1.54236
0,0,0,0,0,0,0,0,0,0,0,0
-4.7718,-3.54335,-1.44207,-1.08541,-0.854718,-0.757441,-0.714067,-0.664284,-0.617912,-0.594995,-0.563258,-0.54873
0.593232,0.450666,0.198001,0.15299,0.123578,0.110315,0.103617,0.0975583,0.0913029,0.087856,0.0841128,0.0818691
6.69354,5.14418,2.34576,1.83147,1.48679,1.33711,1.27035,1.19144,1.11761,1.08089,1.03101,1.00783
1.1873,0.899889,0.395505,0.306037,0.245675,0.219948,0.208447,0.195173,0.182612,0.176505,0.168118,0.16429
-0.593793,-0.450693,-0.198104,-0.153087,-0.122882,-0.109761,-0.104195,-0.0976737,-0.0913655,-0.0881197,-0.0840425,-0.0820622
-0.335691,-0.386739,-0.495002,-0.520103,-0.53615,-0.542007,-0.548684,-0.553503,-0.558495,-0.560256,-0.562417,-0.563245
10.3207,9.61834,8.1216,7.77428,7.53761,7.42705,7.37463,7.31461,7.26149,7.23262,7.19159,7.17761
-0.674523,-0.773189,-0.990342,-1.03716,-1.07226,-1.08884,-1.09469,-1.10491,-1.11212,-1.11619,-1.12212,-1.12536
0.337272,0.38671,0.495307,0.518412,0.535963,0.544407,0.547356,0.55234,0.555978,0.558138,0.561178,0.562328
-1.69784,-1.62341,-1.46622,-1.42873,-1.40401,-1.39235,-1.38555,-1.38069,-1.37378,-1.37123,-1.36683,-1.36498
-3.39773,-3.24719,-2.92945,-2.85612,-2.80776,-2.78329,-2.77112,-2.75972,-2.74843,-2.74315,-2.73343,-2.72885
1.69836,1.62386,1.46609,1.42838,1.40458,1.39211,1.38498,1.38032,1.3743,1.37166,1.36687,1.36457
0,0,0,0,0,0,0,0,0,0,0,0
-0.302594,-0.230397,-0.102369,-0.0791819,-0.0574533,-0.0571033,-0.0541738,-0.050695,-0.0475051,-0.0459099,-0.0437209,-0.0426339
2.48718,2.30112,1.90186,1.80991,1.74773,1.718,1.70443,1.6894,1.67293,1.66568,1.65476,1.6511
0,0,0,0,0,0,0,0,0,0,0,0
0.177584,0.200784,0.251925,0.262799,0.271166,0.274881,0.27624,0.278578,0.280338,0.281472,0.282641,0.283489
-1.18478,-1.03729,-0.719009,-0.647894,-0.596671,-0.573493,-0.562524,-0.549892,-0.537849,-0.531582,-0.523128,-0.51938
0,0,0,0,0,0,0,0,0,0,0,0
0.841457,0.805121,0.729364,0.711202,0.698904,0.693463,0.690875,0.688351,0.684933,0.683331,0.681806,0.681182
0,0,0,0,0,0,0,0,0,0,0,0
-0.0117424,-0.0320961,-0.0515731,-0.0502658,-0.0477881,-0.0460906,-0.0451985,-0.0440527,-0.0428989,-0.0421295,-0.0411515,-0.0407763
0,0,0,0,0,0,0,0,0,0,0,0
0,0,0,0,0,0,0,0,0,0,0,0