//This is the Matrix of Operator and Observable
//The horizontal axis order of the observables are listed as below
sigma_1@206.6,sigma_2@206.6,sigma_3@206.6,sigma_4@206.6,sigma_5@206.6,sigma_6@206.6,sigma_7@206.6,sigma_8@206.6,sigma_9@206.6,sigma_10@206.6
//different energy is seperated to different matrix
//The vertical axis order of the Operators are listed as below
cHQM,cHQP,cpt,cHtb,ctW,cbW,ctB,cpDC,cpl3,cpWB,cllp,cll,cpl,cle,cpe,cpq,cpq3,cpu,cpd,clq1,clq3,clu,cld,ceq,ceu,ced,cee,cpb,clQP,clt,clb,ceqt,cet,ceb,cWWW,cbB,ctH,cbH

//ecm=206.6GeV Matrix:
-0.00142068, -0.00129897, -0.00135327, -0.00138882, -0.00142222, -0.00138512, -0.00105696, 0.0000394288, 0.00382844, 0.0205722
 0.000338567, 0.000309217, 0.000321791, 0.000329849, 0.000337234, 0.000327463, 0.000247697, -0.0000166749, -0.000926993, -0.00494109
 0.0016552, 0.00151392, 0.00157775, 0.0016198, 0.0016596, 0.00161779, 0.00123785, -0.0000348044, -0.00443804, -0.0239093
 -0.0000335562, -0.00003071, -0.0000320232, -0.0000328972, -0.0000337339, -0.0000329347, -0.0000253133, 3.2686*10^-7, 0.0000892122, 0.000482717
 -0.000115035, -0.000108877, -0.000117218, -0.000124538, -0.000133409, -0.000140373, -0.000130556, -0.0000749026, 0.00015306, 0.00125309
 0.0000256004, 0.0000232061, 0.0000239701, 0.0000243691, 0.0000246356, 0.0000234248, 0.0000166001, -4.95824*10^-6, -0.0000775236, -0.000393153
 0.000646619, 0.000591428, 0.000616363, 0.000632791, 0.000648336, 0.000632005, 0.000483577, -0.0000135966, -0.00173376, -0.00934038
 -0.0651815, -0.0665858, -0.0765338, -0.0865624, -0.0997519, -0.116895, -0.133515, -0.145832, -0.12104, 0.163685
 -0.146387, -0.159731, -0.192946, -0.227714, -0.274333, -0.340314, -0.423827, -0.5428, -0.704459, -0.770015
 -0.143983, -0.147085, -0.169059, -0.191212, -0.220347, -0.258216, -0.294927, -0.322135, -0.267371, 0.361572
 0.0843394, 0.09295, 0.113071, 0.13421, 0.162608, 0.20311, 0.255407, 0.332217, 0.445031, 0.546623
 0., 0., 0., 0., 0., 0., 0., 0., 0., 0.
 0., 0., 0., 0., 0., 0., 0., 0., 0., 0.
 0., 0., 0., 0., 0., 0., 0., 0., 0., 0.
 0., 0., 0., 0., 0., 0., 0., 0., 0., 0.
 0., 0., 0., 0., 0., 0., 0., 0., 0., 0.
 0.0668747, 0.0785058, 0.0995852, 0.122119, 0.15265, 0.197718, 0.260958, 0.364905, 0.556807, 0.969689
 0., 0., 0., 0., 0., 0., 0., 0., 0., 0.
 0., 0., 0., 0., 0., 0., 0., 0., 0., 0.
 0., 0., 0., 0., 0., 0., 0., 0., 0., 0.
 0., 0., 0., 0., 0., 0., 0., 0., 0., 0.
 0., 0., 0., 0., 0., 0., 0., 0., 0., 0.
 0., 0., 0., 0., 0., 0., 0., 0., 0., 0.
 0., 0., 0., 0., 0., 0., 0., 0., 0., 0.
 0., 0., 0., 0., 0., 0., 0., 0., 0., 0.
 0., 0., 0., 0., 0., 0., 0., 0., 0., 0.
 0., 0., 0., 0., 0., 0., 0., 0., 0., 0.
 0., 0., 0., 0., 0., 0., 0., 0., 0., 0.
 0., 0., 0., 0., 0., 0., 0., 0., 0., 0.
 0., 0., 0., 0., 0., 0., 0., 0., 0., 0.
 0., 0., 0., 0., 0., 0., 0., 0., 0., 0.
 0., 0., 0., 0., 0., 0., 0., 0., 0., 0.
 0., 0., 0., 0., 0., 0., 0., 0., 0., 0.
 0., 0., 0., 0., 0., 0., 0., 0., 0., 0.
 0., 0., 0., 0., 0., 0., 0., 0., 0., 0.
 0., 0., 0., 0., 0., 0., 0., 0., 0., 0.
 0., 0., 0., 0., 0., 0., 0., 0., 0., 0.
 0., 0., 0., 0., 0., 0., 0., 0., 0., 0.
