//This is the Matrix of Operator and Observable
//The horizontal axis order of the observables are listed as below
xsec_eetata_1,xsec_eetata_2,xsec_eetata_3,xsec_eetata_4,xsec_eetata_5,xsec_eetata_6,xsec_eetata_7,xsec_eetata_8,xsec_eetata_9,xsec_eetata_10,xsec_eetata_11,xsec_eetata_12
//different energy is seperated to different matrix
//The vertical axis order of the Operators are listed as below
cHQM,cHQP,cpt,cHtb,ctW,cbW,ctB,cpDC,cpl3,cpWB,cllp,cll,cpl,cle,cpe,cpq,cpq3,cpu,cpd,clq1,clq3,clu,cld,ceq,ceu,ced,cee,cpb,clQP,clt,clb,ceqt,cet,ceb,cWWW,cbB,ctH,cbH

//Matrix
-0.00962273,-0.0075164,-0.00361544,-0.00286235,-0.00235225,-0.00211419,-0.00200705,-0.0018942,-0.00176721,-0.00171526,-0.0016401,-0.0016021
0.000714246,0.000643547,0.000435194,0.000379243,0.000337179,0.000315632,0.000305567,0.000295132,0.000282231,0.000277247,0.000269759,0.000265826
0,0,0,0,0,0,0,0,0,0,0,0
-0.000167648,-0.000131224,-6.35801e-05,-5.04914e-05,-4.16128e-05,-3.74744e-05,-3.56116e-05,-3.36426e-05,-3.14372e-05,-3.05299e-05,-2.92194e-05,-2.85581e-05
0.000797641,0.000410965,-0.000399998,-0.000580456,-0.000716522,-0.000780805,-0.000811356,-0.000848188,-0.000884812,-0.00090364,-0.000930364,-0.000943757
0.000726767,0.000672247,0.000506609,0.000455981,0.000413936,0.000393294,0.000383557,0.000371197,0.000359406,0.000353063,0.000344206,0.000340025
0.000879394,0.00036277,-0.000709957,-0.000950362,-0.00112984,-0.00121896,-0.0012617,-0.00130879,-0.00136269,-0.00138645,-0.00142161,-0.00144028
-0.235515,-0.184968,-0.0890135,-0.0704056,-0.0581769,-0.0527579,-0.0500371,-0.0470486,-0.0441404,-0.042877,-0.0410853,-0.0400837
-0.563787,-0.443041,-0.217028,-0.172835,-0.142286,-0.130008,-0.123038,-0.116353,-0.109528,-0.106052,-0.101503,-0.0992616
-0.332377,-0.268276,-0.140661,-0.115407,-0.0962912,-0.0878528,-0.0843042,-0.0804651,-0.0759612,-0.0732132,-0.0704493,-0.068539
2.22229,2.04674,1.69779,1.62879,1.57723,1.55672,1.54673,1.53528,1.52312,1.51769,1.5101,1.50465
1.74946,1.67532,1.52168,1.48666,1.46149,1.45122,1.44713,1.44047,1.43371,1.43082,1.42719,1.42601
0.379297,0.294907,0.138422,0.109211,0.0894134,0.0805819,0.0766502,0.0719609,0.0678101,0.0655779,0.0627269,0.0611449
0.312331,0.360401,0.469989,0.495691,0.514134,0.523074,0.52711,0.531662,0.535836,0.538012,0.541361,0.543819
-0.274708,-0.209676,-0.0935896,-0.0732439,-0.0586676,-0.0528007,-0.0501519,-0.0471658,-0.043971,-0.0424745,-0.0404225,-0.0394567
0,0,0,0,0,0,0,0,0,0,0,0
0,0,0,0,0,0,0,0,0,0,0,0
0,0,0,0,0,0,0,0,0,0,0,0
0,0,0,0,0,0,0,0,0,0,0,0
0,0,0,0,0,0,0,0,0,0,0,0
0,0,0,0,0,0,0,0,0,0,0,0
0,0,0,0,0,0,0,0,0,0,0,0
0,0,0,0,0,0,0,0,0,0,0,0
0,0,0,0,0,0,0,0,0,0,0,0
0,0,0,0,0,0,0,0,0,0,0,0
0,0,0,0,0,0,0,0,0,0,0,0
1.57373,1.51408,1.39176,1.36603,1.34683,1.33712,1.3337,1.33016,1.32465,1.32263,1.32006,1.3183
-0.000501479,-0.000404791,-0.000208852,-0.000168392,-0.000140181,-0.000127071,-0.000121129,-0.000114632,-0.000107609,-0.000104574,-0.000100237,-9.80761e-05
0,0,0,0,0,0,0,0,0,0,0,0
0,0,0,0,0,0,0,0,0,0,0,0
0,0,0,0,0,0,0,0,0,0,0,0
0,0,0,0,0,0,0,0,0,0,0,0
0,0,0,0,0,0,0,0,0,0,0,0
0,0,0,0,0,0,0,0,0,0,0,0
0,0,0,0,0,0,0,0,0,0,0,0
-0.000613931,-0.000634353,-0.000583904,-0.000546558,-0.000508867,-0.000490275,-0.000481246,-0.000467817,-0.000457086,-0.000449792,-0.000439949,-0.000435577
0,0,0,0,0,0,0,0,0,0,0,0
0,0,0,0,0,0,0,0,0,0,0,0