// This is the Matrix of Operator and Observable
//The horizontal axis order of the observables are listed as below
Gamma_Z,sigma_had,R_e,R_mu,R_ta,AFB_e,AFB_mu,AFB_ta,R_b,R_c,AFB_b,AFB_c,A_e,A_mu,A_ta,A_b,A_c,A_s,A_e2,A_ta2
//The vertical axis order of the Operators are listed as below
cHQM,cHQP,cpt,cHtb,ctW,cbW,ctB,cpDC,cpl3,cpWB,cllp,cll,cpl,cle,cpe,cpq,cpq3,cpu,cpd,clq1,clq3,clu,cld,ceq,ceu,ced,cee,cpb,clQP,clt,clb,ceqt,cet,ceb,cWWW,cbB,ctH,cbH
//Matrix
-0.00432009,0.00450839,-0.00997263,-0.00997263,-0.00997263,-0.000591848,-0.000591848,-0.000591848,-0.00010435,3.75168e-6,-0.00214696,-0.0016351,-0.00303803,-0.00303803,-0.00303803,-0.00012616,-0.00134962,-0.000248393,-0.00303803,-0.00303803
0.0505892,-0.484359,0.606395,0.606395,0.606395,0.000081375,0.000081375,0.000081375,0.0236911,-0.00516865,0.000877551,0.000224815,0.000417708,0.000417708,0.000417708,0.00900916,0.000185563,0.0000341523,0.000417708,0.000417708
0.0052051,-0.00835661,0.0152477,0.0152477,0.0152477,0.000654939,0.000654939,0.000654939,0.000280303,-0.0000401304,0.0023817,0.00180941,0.00336189,0.00336189,0.00336189,0.00019991,0.00149349,0.000274872,0.00336189,0.00336189
-0.0000913724,0.000242404,-0.000384988,-0.000384988,-0.000384988,-0.0000111719,-0.0000111719,-0.0000111719,-9.66894e-6,1.75139e-6,-0.000041514,-0.0000308648,-0.000057347,-0.000057347,-0.000057347,-0.0000125163,-0.0000254759,-4.68875e-6,-0.000057347,-0.000057347
0.00167499,-0.0104531,0.0168766,0.0168766,0.0168766,0.000519297,0.000519297,0.000519297,0.000409575,-0.0000727081,0.00190261,0.00143467,0.00266562,0.00266562,0.00266562,0.000304052,0.00118418,0.000217944,0.00266562,0.00266562
0.00791797,-0.0757926,0.0945215,0.0945215,0.0945215,-0.0000374136,-0.0000374136,-0.0000374136,0.00371704,-0.000812555,0.0000596637,-0.000103363,-0.000192049,-0.000192049,-0.000192049,0.000612523,-0.0000853161,-0.0000157021,-0.000192049,-0.000192049
0.00126026,-0.00474188,0.0101836,0.0101836,0.0101836,0.000580775,0.000580775,0.000580775,0.000117955,-7.07718e-6,0.00211523,0.00160451,0.00298119,0.00298119,0.00298119,0.000210434,0.00132437,0.000243745,0.00298119,0.00298119
-0.0985982,0.0554836,-0.184236,-0.184236,-0.184236,-0.0156831,-0.0156831,-0.0156831,0.000366496,-0.000584154,-0.0573056,-0.0433279,-0.0805035,-0.0805035,-0.0805035,-0.00759548,-0.035763,-0.00658205,-0.0805035,-0.0805035
-0.301917,2.4045,-3.30709,-3.30709,-3.30709,-0.0409319,-0.0409319,-0.0409319,0.00146598,-0.00233662,-0.150439,-0.117925,-0.210109,-0.210109,-0.210109,-0.0288062,-0.143052,-0.0263282,-0.210109,-0.210109
-0.120433,0.262222,-0.870721,-0.870721,-0.870721,-0.0741201,-0.0741201,-0.0741201,0.00173209,-0.00276077,-0.270831,-0.204772,-0.380468,-0.380468,-0.380468,-0.0358902,-0.16902,-0.0311075,-0.380468,-0.380468
0.197196,-0.110967,0.368473,0.368473,0.368473,0.0313662,0.0313662,0.0313662,-0.000732991,0.00116831,0.114611,0.0866558,0.161007,0.161007,0.161007,0.015191,0.071526,0.0131641,0.161007,0.161007
0.,0.,0.,0.,0.,0.,0.,0.,0.,0.,0.,0.,0.,0.,0.,0.,0.,0.,0.,0.
-0.028202,6.38786,-2.57014,-2.57014,-2.57014,0.0218006,0.0218006,0.0218006,0.,0.,0.0787892,0.0553864,0.111905,0.111905,0.111905,0.00163263,0.,0.,0.111905,0.111905
0.,0.,0.,0.,0.,0.,0.,0.,0.,0.,0.,0.,0.,0.,0.,0.,0.,0.,0.,0.
-0.028202,-3.76052,2.25545,2.25545,2.25545,0.0248424,0.0248424,0.0248424,0.,0.,0.0897671,0.0631142,0.127519,0.127519,0.127519,0.00170368,0.,0.,0.127519,0.127519
0.0188013,-0.180474,0.225722,0.225722,0.225722,0.,0.,0.,-0.00246166,-0.0268821,0.,-0.00484237,0.,0.,0.,0.,-0.049713,0.0091495,0.,0.
0.184952,-1.77535,2.22047,2.22047,2.22047,0.,0.,0.,-0.0242158,0.0059866,0.,0.00484237,0.,0.,0.,0.,0.049713,0.0091495,0.,0.
0.0376027,-0.360947,0.451445,0.451445,0.451445,0.,0.,0.,-0.00492332,0.00743874,0.,-0.0106982,0.,0.,0.,0.,-0.10983,0.,0.,0.
-0.0188013,0.180474,-0.225722,-0.225722,-0.225722,0.,0.,0.,0.00246166,0.00192813,0.,0.,0.,0.,0.,0.,0.,0.0495773,0.,0.
0.,0.,0.,0.,0.,0.,0.,0.,0.,0.,0.,0.,0.,0.,0.,0.,0.,0.,0.,0.
0.,0.,0.,0.,0.,0.,0.,0.,0.,0.,0.,0.,0.,0.,0.,0.,0.,0.,0.,0.
0.,0.,0.,0.,0.,0.,0.,0.,0.,0.,0.,0.,0.,0.,0.,0.,0.,0.,0.,0.
0.,0.,0.,0.,0.,0.,0.,0.,0.,0.,0.,0.,0.,0.,0.,0.,0.,0.,0.,0.
0.,0.,0.,0.,0.,0.,0.,0.,0.,0.,0.,0.,0.,0.,0.,0.,0.,0.,0.,0.
0.,0.,0.,0.,0.,0.,0.,0.,0.,0.,0.,0.,0.,0.,0.,0.,0.,0.,0.,0.
0.,0.,0.,0.,0.,0.,0.,0.,0.,0.,0.,0.,0.,0.,0.,0.,0.,0.,0.,0.
0.,0.,0.,0.,0.,0.,0.,0.,0.,0.,0.,0.,0.,0.,0.,0.,0.,0.,0.,0.
-0.00908612,0.0856035,-0.107665,-0.107665,-0.107665,-0.0000817275,-0.0000817275,-0.0000817275,-0.00417382,0.00090843,0.00475743,-0.000225789,-0.000419518,-0.000419518,-0.000419518,0.048841,-0.000186367,-0.0000343002,-0.000419518,-0.000419518
0.,0.,0.,0.,0.,0.,0.,0.,0.,0.,0.,0.,0.,0.,0.,0.,0.,0.,0.,0.
0.,0.,0.,0.,0.,0.,0.,0.,0.,0.,0.,0.,0.,0.,0.,0.,0.,0.,0.,0.
0.,0.,0.,0.,0.,0.,0.,0.,0.,0.,0.,0.,0.,0.,0.,0.,0.,0.,0.,0.
0.,0.,0.,0.,0.,0.,0.,0.,0.,0.,0.,0.,0.,0.,0.,0.,0.,0.,0.,0.
0.,0.,0.,0.,0.,0.,0.,0.,0.,0.,0.,0.,0.,0.,0.,0.,0.,0.,0.,0.
0.,0.,0.,0.,0.,0.,0.,0.,0.,0.,0.,0.,0.,0.,0.,0.,0.,0.,0.,0.
0.,0.,0.,0.,0.,0.,0.,0.,0.,0.,0.,0.,0.,0.,0.,0.,0.,0.,0.,0.
0.00454822,-0.0419466,0.0532806,0.0532806,0.0532806,0.000111584,0.000111584,0.000111584,0.00203116,-0.000439771,0.0000374058,0.000308273,0.000572773,0.000572773,0.000572773,0.000384018,0.00025445,0.0000468305,0.000572773,0.000572773
0.,0.,0.,0.,0.,0.,0.,0.,0.,0.,0.,0.,0.,0.,0.,0.,0.,0.,0.,0.
0.,0.,0.,0.,0.,0.,0.,0.,0.,0.,0.,0.,0.,0.,0.,0.,0.,0.,0.,0.