// This is the Matrix of Operator and Observable
//The horizontal axis order of the observables are listed as below
Gamma_Z,sigma_had,R_e,R_mu,R_ta,AFB_e,AFB_mu,AFB_ta,R_b,R_c,AFB_b,AFB_c,A_e,A_mu,A_ta,A_b,A_c,A_s,A_e2,A_ta2
//The vertical axis order of the Operators are listed as below
cHQM,cHQP,cpt,cHtb,ctW,cbW,ctB,cpDC,cpl3,cpWB,cllp,cll,cpl,cle,cpe,cpq,cpq3,cpu,cpd,clq1,clq3,clu,cld,ceq,ceu,ced,cee,cpb,clQP,clt,clb,ceqt,cet,ceb,cWWW,cbB,ctH,cbH
//Matrix
0., 0., 0., 0., 0., 0., 0., 0., 0., 0., 0., 0., 0., 0., 0., 0., 0., 0., 0., 0.
 0.0504577, -0.484343, 0.605778, 0.605778, 0.605778, 0., 0., 0., 0.0237063, -0.00517459, 0.000877551, 0., 0., 0., 0., 0.00900916, 0., 0., 0., 0.
 0., 0., 0., 0., 0., 0., 0., 0., 0., 0., 0., 0., 0., 0., 0., 0., 0., 0., 0., 0.
 0., 0., 0., 0., 0., 0., 0., 0., 0., 0., 0., 0., 0., 0., 0., 0., 0., 0., 0., 0.
 0., 0., 0., 0., 0., 0., 0., 0., 0., 0., 0., 0., 0., 0., 0., 0., 0., 0., 0., 0.
 0.00790897, -0.0759181, 0.0949524, 0.0949524, 0.0949524, 0., 0., 0., 0.00371583, -0.000811087, 0.0000596637, 0., 0., 0., 0., 0.000612523, 0., 0., 0., 0.
 0., 0., 0., 0., 0., 0., 0., 0., 0., 0., 0., 0., 0., 0., 0., 0., 0., 0., 0., 0.
 -0.0985982, 0.0554836, -0.184236, -0.184236, -0.184236, -0.0156831, -0.0156831, -0.0156831, 0.000366496, -0.000584154, -0.0570135, -0.0433279, -0.0805035, -0.0805035, -0.0805035, -0.00459735, -0.035763, -0.00658205, -0.0805035, -0.0805035
 -0.301917, 2.4045, -3.30709, -3.30709, -3.30709, -0.0409319, -0.0409319, -0.0409319, 0.00146598, -0.00233662, -0.149673, -0.117925, -0.210109, -0.210109, -0.210109, -0.0209449, -0.143052, -0.0263282, -0.210109, -0.210109
 -0.120433, 0.262222, -0.870721, -0.870721, -0.870721, -0.0741201, -0.0741201, -0.0741201, 0.00173209, -0.00276077, -0.269452, -0.204772, -0.380468, -0.380468, -0.380468, -0.0217264, -0.16902, -0.0311075, -0.380468, -0.380468
 0.197196, -0.110967, 0.368473, 0.368473, 0.368473, 0.0313662, 0.0313662, 0.0313662, -0.000732991, 0.00116831, 0.114027, 0.0866558, 0.161007, 0.161007, 0.161007, 0.00919469, 0.071526, 0.0131641, 0.161007, 0.161007
 0., 0., 0., 0., 0., 0., 0., 0., 0., 0., 0., 0., 0., 0., 0., 0., 0., 0., 0., 0.
 -0.028202, 6.38786, -2.57014, -2.57014, -2.57014, 0.0218006, 0.0218006, 0.0218006, 0., 0., 0.0783852, 0.0553864, 0.111905, 0.111905, 0.111905, -0.00251478, 0., 0., 0.111905, 0.111905
 0., 0., 0., 0., 0., 0., 0., 0., 0., 0., 0., 0., 0., 0., 0., 0., 0., 0., 0., 0.
 -0.028202, -3.76052, 2.25545, 2.25545, 2.25545, 0.0248424, 0.0248424, 0.0248424, 0., 0., 0.0893114, 0.0631142, 0.127519, 0.127519, 0.127519, -0.00297467, 0., 0., 0.127519, 0.127519
 0.0188013, -0.180474, 0.225722, 0.225722, 0.225722, 0., 0., 0., -0.00246166, -0.0268821, 0., -0.00484237, 0., 0., 0., 0., -0.049713, 0.0091495, 0., 0.
 0.184952, -1.77535, 2.22047, 2.22047, 2.22047, 0., 0., 0., -0.0242158, 0.0059866, 0., 0.00484237, 0., 0., 0., 0., 0.049713, 0.0091495, 0., 0.
 0.0376027, -0.360947, 0.451445, 0.451445, 0.451445, 0., 0., 0., -0.00492332, 0.00743874, 0., -0.0106982, 0., 0., 0., 0., -0.10983, 0., 0., 0.
 -0.0188013, 0.180474, -0.225722, -0.225722, -0.225722, 0., 0., 0., 0.00246166, 0.00192813, 0., 0., 0., 0., 0., 0., 0., 0.0495773, 0., 0.
 0., 0., 0., 0., 0., 0., 0., 0., 0., 0., 0., 0., 0., 0., 0., 0., 0., 0., 0., 0.
 0., 0., 0., 0., 0., 0., 0., 0., 0., 0., 0., 0., 0., 0., 0., 0., 0., 0., 0., 0.
 0., 0., 0., 0., 0., 0., 0., 0., 0., 0., 0., 0., 0., 0., 0., 0., 0., 0., 0., 0.
 0., 0., 0., 0., 0., 0., 0., 0., 0., 0., 0., 0., 0., 0., 0., 0., 0., 0., 0., 0.
 0., 0., 0., 0., 0., 0., 0., 0., 0., 0., 0., 0., 0., 0., 0., 0., 0., 0., 0., 0.
 0., 0., 0., 0., 0., 0., 0., 0., 0., 0., 0., 0., 0., 0., 0., 0., 0., 0., 0., 0.
 0., 0., 0., 0., 0., 0., 0., 0., 0., 0., 0., 0., 0., 0., 0., 0., 0., 0., 0., 0.
 0., 0., 0., 0., 0., 0., 0., 0., 0., 0., 0., 0., 0., 0., 0., 0., 0., 0., 0., 0.
 -0.00892196, 0.0856417, -0.107114, -0.107114, -0.107114, 0., 0., 0., -0.00419176, 0.000914972, 0.00473351, 0., 0., 0., 0., 0.0485954, 0., 0., 0., 0.
 0., 0., 0., 0., 0., 0., 0., 0., 0., 0., 0., 0., 0., 0., 0., 0., 0., 0., 0., 0.
 0., 0., 0., 0., 0., 0., 0., 0., 0., 0., 0., 0., 0., 0., 0., 0., 0., 0., 0., 0.
 0., 0., 0., 0., 0., 0., 0., 0., 0., 0., 0., 0., 0., 0., 0., 0., 0., 0., 0., 0.
 0., 0., 0., 0., 0., 0., 0., 0., 0., 0., 0., 0., 0., 0., 0., 0., 0., 0., 0., 0.
 0., 0., 0., 0., 0., 0., 0., 0., 0., 0., 0., 0., 0., 0., 0., 0., 0., 0., 0., 0.
 0., 0., 0., 0., 0., 0., 0., 0., 0., 0., 0., 0., 0., 0., 0., 0., 0., 0., 0., 0.
 0., 0., 0., 0., 0., 0., 0., 0., 0., 0., 0., 0., 0., 0., 0., 0., 0., 0., 0., 0.
 0.00436763, -0.0419248, 0.0524363, 0.0524363, 0.0524363, 0., 0., 0., 0.00205202, -0.000447913, 0.0000374058, 0., 0., 0., 0., 0.000384018, 0., 0., 0., 0.
 0., 0., 0., 0., 0., 0., 0., 0., 0., 0., 0., 0., 0., 0., 0., 0., 0., 0., 0., 0.
 0., 0., 0., 0., 0., 0., 0., 0., 0., 0., 0., 0., 0., 0., 0., 0., 0., 0., 0., 0.