//This is the Matrix of Operator and Observable
//The horizontal axis order of the observables are listed as below
AFB_b_1,AFB_b_2,AFB_b_3,AFB_b_4,AFB_b_5,AFB_b_6,AFB_b_7,AFB_b_8,AFB_b_9,AFB_b_10,AFB_c_1,AFB_c_2,AFB_c_3,AFB_c_4,R_b_1,R_b_2,R_b_3,R_b_4,R_b_5,R_b_6,R_b_7,R_b_8,R_b_9,R_b_10,R_c_1,R_c_2,R_c_3,R_c_4,R_c_5,R_c_6
//The vertical axis order of the Operators are listed as below
cHQM,cHQP,cpt,cHtb,ctW,cbW,ctB,cpDC,cpl3,cpWB,cllp,cll,cpl,cle,cpe,cpq,cpq3,cpu,cpd,clq1,clq3,clu,cld,ceq,ceu,ced,cee,cpb,clQP,clt,clb,ceqt,cet,ceb,cWWW,cbB,ctH,cbH

//Matrix
-0.000900734,-0.000414189,-0.000345852,-0.00032499,-0.000318739,-0.000303675,-0.000298716,-0.000291627,-0.000284177,-0.000290836,-0.000114165,-0.000226417,-0.0002628,-0.000268861,0.000108251,0.000132358,0.000138996,0.000148261,0.0001531,0.000159041,0.000166958,0.000170958,0.000175932,0.000179194,8.60947e-05,8.46678e-05,8.26023e-05,8.09854e-05,7.89731e-05,7.59989e-05
-0.0211086,-0.0188023,-0.0182727,-0.018022,-0.0179748,-0.0180742,-0.0182567,-0.0174583,-0.0169612,-0.0175269,4.08165e-06,1.91106e-05,2.84904e-05,3.14036e-05,0.0179063,0.0150985,0.0144987,0.0142827,0.0141801,0.0140513,0.0139182,0.0138817,0.013788,0.0137386,-0.00409863,-0.00405285,-0.00400562,-0.00398232,-0.00395256,-0.00392957
0.00101744,0.000728984,0.000668874,0.000647293,0.000642439,0.000622983,0.000620424,0.000610965,0.000601173,0.000615616,0.000127289,0.000258267,0.00030093,0.000308299,6.78835e-05,8.81535e-05,0.000116368,0.000119168,0.000120865,0.00012396,0.000124208,0.000125941,0.000127844,0.000127384,-0.000175757,-0.000178397,-0.000181536,-0.000182816,-0.000184889,-0.000182279
-8.98656e-06,2.08298e-06,5.13237e-06,6.09154e-06,6.5049e-06,7.04283e-06,7.53235e-06,7.85655e-06,8.20631e-06,8.22664e-06,-2.18056e-06,-3.86599e-06,-4.46667e-06,-4.56827e-06,-8.11901e-06,-9.55889e-06,-1.05395e-05,-1.07187e-05,-1.07875e-05,-1.0867e-05,-1.09353e-05,-1.09908e-05,-1.103e-05,-1.10336e-05,5.17095e-06,5.26141e-06,5.34167e-06,5.39069e-06,5.43759e-06,5.39281e-06
0.000479911,4.88396e-05,-9.11808e-05,-0.000133411,-0.000155004,-0.000177385,-0.000205075,-0.00021634,-0.000233983,-0.000252383,9.93328e-05,2.01965e-05,1.45351e-05,1.37949e-05,0.000186162,5.17851e-05,-1.0575e-05,-3.63541e-05,-4.90106e-05,-6.61494e-05,-8.3701e-05,-9.39192e-05,-0.000107916,-0.000113963,-2.73748e-05,-2.11496e-05,-1.27776e-05,-8.3647e-06,-1.39845e-06,7.7137e-07
-0.00458996,-0.00633817,-0.00740122,-0.00747461,-0.00764322,-0.0076099,-0.00789326,-0.00775921,-0.0076782,-0.00793095,-6.92075e-06,-3.68704e-06,-3.38319e-06,-3.23218e-06,0.00396699,0.00401009,0.00405933,0.00406797,0.00407048,0.00407838,0.00407514,0.00408448,0.00408692,0.00408311,-0.00114024,-0.0011467,-0.0011547,-0.00115786,-0.00116322,-0.00115947
0.000604612,-6.6967e-05,-0.000329988,-0.000425317,-0.000477399,-0.000534427,-0.00060742,-0.00063984,-0.000690466,-0.00073879,0.000120065,7.12558e-05,8.64573e-05,9.29031e-05,5.85885e-05,4.85036e-05,4.82379e-05,4.46615e-05,4.33791e-05,4.03393e-05,3.80761e-05,3.60405e-05,3.39466e-05,3.50977e-05,-7.99198e-05,-8.31889e-05,-8.58336e-05,-8.8231e-05,-9.02236e-05,-9.04548e-05
-0.0228106,-0.0169906,-0.0156217,-0.0156085,-0.0153935,-0.0149356,-0.0143798,-0.0144284,-0.0143865,-0.014333,-0.00501305,-0.00636054,-0.00736831,-0.00771416,-0.00203076,-0.00229194,-0.00282168,-0.00289188,-0.00291311,-0.0029125,-0.00292865,-0.00296138,-0.00296831,-0.00298523,0.00389179,0.00394434,0.00399729,0.00402568,0.00404497,0.00400823
-0.0589026,-0.0427083,-0.0397199,-0.0381449,-0.0367881,-0.0371153,-0.0357644,-0.0353076,-0.0341017,-0.0360511,-0.00682497,-0.0085444,-0.00995106,-0.011555,-0.00437458,-0.00508051,-0.00643933,-0.00656754,-0.00663501,-0.00664433,-0.00670865,-0.00676362,-0.00677944,-0.00680949,0.0088644,0.00897707,0.00907544,0.00919272,0.00923779,0.00916464
-0.144839,-0.111252,-0.103351,-0.100508,-0.100349,-0.0974225,-0.0956238,-0.095783,-0.0943027,-0.0949821,-0.0200997,-0.00399567,-0.0026843,-0.00130279,-0.00180422,-0.00279346,-0.00411205,-0.00419853,-0.00432437,-0.00447032,-0.00450465,-0.00456547,-0.00456055,-0.00457562,0.00566998,0.00578715,0.00601978,0.00613227,0.00625556,0.00615183
0.0459561,0.0341449,0.03122,0.0307677,0.0310884,0.0304048,0.0294005,0.0292705,0.0291909,0.0289422,0.010798,0.0125264,0.0153231,0.0158707,0.00408193,0.00459222,0.00566534,0.00576608,0.00581987,0.00584435,0.00587614,0.00590953,0.00594973,0.00590741,-0.0077849,-0.00789297,-0.00799935,-0.00804384,-0.00812788,-0.00800719
0,0,0,0,0,0,0,0,0,0,0,0,0,0,0,0,0,0,0,0,0,0,0,0,0,0,0,0,0,0
0.0326157,0.0253656,0.0246858,0.02428,0.0231122,0.0228359,0.0231145,0.0233252,0.0224561,0.0223491,0.0149469,0.0173001,0.019994,0.0204151,0.00381363,0.00412517,0.00490739,0.00496813,0.00499776,0.005024,0.00504008,0.00506657,0.00508158,0.0050816,-0.00676097,-0.00681218,-0.00688023,-0.00691651,-0.00694781,-0.00686923
0,0,0,0,0,0,0,0,0,0,0,0,0,0,0,0,0,0,0,0,0,0,0,0,0,0,0,0,0,0
0.06999,0.0572524,0.0542053,0.0528429,0.0521533,0.0517917,0.050718,0.0504631,0.0497967,0.0498899,0.0131303,-0.00380355,-0.00765016,-0.00894363,-0.00280641,-0.00261572,-0.00281424,-0.00279952,-0.00279569,-0.00277924,-0.00276209,-0.00276229,-0.00275194,-0.0027438,0.00389496,0.0038599,0.00382463,0.00380479,0.00377641,0.00373986
0,0,0,0,0,0,0,0,0,0,0.00504502,-0.00587015,-0.00897432,-0.0101116,-0.00128239,-0.000973927,-0.000863494,-0.000835886,-0.000816885,-0.000808696,-0.000795209,-0.000787323,-0.000781663,-0.000774704,-0.0147768,-0.0145134,-0.0142475,-0.0141042,-0.0139269,-0.0138782
0,0,0,0,0,0,0,0,0,0,-0.00540398,0.00606834,0.00903559,0.00990575,-0.0145587,-0.0115966,-0.0103889,-0.0101316,-0.0100151,-0.00987628,-0.0097339,-0.00968641,-0.00958121,-0.00953681,-0.00163697,-0.00171505,-0.00179322,-0.00183893,-0.00187747,-0.00183221
0,0,0,0,0,0,0,0,0,0,0.017154,0.0233343,0.0259688,0.02634,-0.00256325,-0.00194466,-0.00171664,-0.00166661,-0.00164333,-0.00161786,-0.00159047,-0.00158175,-0.00156233,-0.00155463,0.00236702,0.00229465,0.00222147,0.00218194,0.00214116,0.00213909
0,0,0,0,0,0,0,0,0,0,0,0,0,0,0.00128197,0.000971481,0.000858631,0.000831689,0.000821442,0.000809653,0.000795754,0.000789686,0.00078101,0.000776532,0.0012532,0.00123047,0.00121508,0.00120402,0.001192,0.00118413
0,0,0,0,0,0,0,0,0,0,-0.0102701,-0.019785,-0.0296776,-0.036733,0.000900036,0.0028915,0.00374632,0.00410693,0.00432566,0.00458819,0.00486425,0.00502074,0.00522656,0.00532983,-0.0745941,-0.080168,-0.0868561,-0.0909003,-0.0964494,-0.0981024
0,0,0,0,0,0,0,0,0,0,0.0100807,0.0195092,0.031263,0.035508,-0.0247238,-0.0448789,-0.0526686,-0.0562768,-0.0581394,-0.0606335,-0.0632444,-0.0648152,-0.0668317,-0.0679197,0.00317342,0.00297631,0.00270935,0.0025344,0.00235762,0.00263871
0,0,0,0,0,0,0,0,0,0,0.0306945,0.0914584,0.128712,0.141669,0.00180324,0.00576062,0.00749235,0.00825043,0.00863021,0.009159,0.00968608,0.0100028,0.0104279,0.010649,-0.010331,-0.0113596,-0.0125762,-0.0132884,-0.0142914,-0.0146523
0,0,0,0,0,0,0,0,0,0,0,0,0,0,-0.000901656,-0.00287965,-0.00374501,-0.00412512,-0.00431519,-0.00457855,-0.00484233,-0.00500176,-0.00521504,-0.00532115,-0.00546597,-0.00610305,-0.00687122,-0.0073267,-0.00795934,-0.00811421
0,0,0,0,0,0,0,0,0,0,-0.0241838,0.00728805,0.0246916,0.0312117,0.00412453,0.00818095,0.00981044,0.0105502,0.0109233,0.011445,0.011965,0.0122883,0.012702,0.0129164,0.0102466,0.0104045,0.0105998,0.0107116,0.0108605,0.0108357
0,0,0,0,0,0,0,0,0,0,-0.00662486,-0.0138375,-0.0215108,-0.026022,0.00824124,0.0163544,0.0196191,0.0210897,0.0218467,0.0228763,0.0239376,0.0245828,0.0254018,0.0258223,-0.0270519,-0.029037,-0.0314115,-0.03284,-0.0348128,-0.0355298
0,0,0,0,0,0,0,0,0,0,0,0,0,0,-0.00412282,-0.00817912,-0.00981442,-0.0105484,-0.0109188,-0.011442,-0.0119696,-0.0122922,-0.0127024,-0.0129125,-0.0143245,-0.0156062,-0.0171715,-0.0181106,-0.0193867,-0.0196903
0,0,0,0,0,0,0,0,0,0,0,0,0,0,0,0,0,0,0,0,0,0,0,0,0,0,0,0,0,0
-0.0133709,-0.0187955,-0.0202734,-0.0203263,-0.0206869,-0.0208277,-0.0210087,-0.0214532,-0.0215561,-0.021484,-9.61899e-06,-8.19677e-06,-1.01495e-05,-1.07324e-05,-0.00283942,-0.00230915,-0.00219582,-0.00214703,-0.00213291,-0.00211433,-0.00208979,-0.00207904,-0.00206472,-0.0020566,0.000588215,0.000577025,0.000570887,0.000566223,0.000560458,0.000556969
0.040576,0.0606761,0.0698969,0.0735733,0.0761165,0.0791468,0.0817893,0.084025,0.0838863,0.0878633,0,0,0,0,0.0270082,0.0506362,0.0633245,0.0681863,0.0707356,0.0740871,0.0774452,0.079573,0.0823101,0.0837417,-0.0178241,-0.0192596,-0.0210165,-0.0220459,-0.0234699,-0.0238248
0,0,0,0,0,0,0,0,0,0,0,0,0,0,0,0,0,0,0,0,0,0,0,0,0,0,0,0,0,0
-0.0159862,-0.0616804,-0.0894171,-0.100544,-0.105677,-0.113805,-0.121316,-0.125609,-0.132021,-0.136042,0,0,0,0,0.00214496,0.0070622,0.009825,0.0109099,0.0114642,0.0122169,0.0129778,0.0134465,0.014059,0.0143782,-0.00276546,-0.00308154,-0.00346557,-0.00369431,-0.00400877,-0.00409065
0.0959283,0.164343,0.19781,0.210968,0.217518,0.226121,0.234138,0.239013,0.247028,0.250158,0,0,0,0,-0.0125163,-0.0185734,-0.0216188,-0.0227616,-0.0233453,-0.0241151,-0.0248989,-0.0253948,-0.0260213,-0.0263423,0.00608509,0.00642912,0.00684077,0.0070878,0.00741967,0.00749448
0,0,0,0,0,0,0,0,0,0,0,0,0,0,0,0,0,0,0,0,0,0,0,0,0,0,0,0,0,0
0.0142164,0.023365,0.0292563,0.0297317,0.0315285,0.0324553,0.0344968,0.0349623,0.0357574,0.036241,0,0,0,0,0.00930111,0.0196691,0.025323,0.0275232,0.028672,0.0301871,0.0317079,0.0326442,0.0339141,0.0345487,-0.00712771,-0.00777404,-0.00856323,-0.00902608,-0.00967024,-0.00982923
0,0,0,0,0,0,0,0,0,0,0,0,0,0,0,0,0,0,0,0,0,0,0,0,0,0,0,0,0,0
-0.00888629,-0.00671747,-0.00587078,-0.00551853,-0.00548815,-0.00516233,-0.00499577,-0.0048039,-0.00475338,-0.00465448,1.87184e-05,2.51635e-05,2.99251e-05,3.10252e-05,-0.000397252,-0.00149926,-0.00180356,-0.00189948,-0.00194143,-0.00199264,-0.00204432,-0.00207894,-0.00210744,-0.00212841,0.000490704,0.000519126,0.000547541,0.000563975,0.0005827,0.000587387
0,0,0,0,0,0,0,0,0,0,0,0,0,0,0,0,0,0,0,0,0,0,0,0,0,0,0,0,0,0
0,0,0,0,0,0,0,0,0,0,0,0,0,0,0,0,0,0,0,0,0,0,0,0,0,0,0,0,0,0