//This is the Matrix of Operator and Observable
//The horizontal axis order of the observables are listed as below
diffxsec_e_1_1,diffxsec_e_1_2,diffxsec_e_1_3,diffxsec_e_1_4,diffxsec_e_1_5,diffxsec_e_1_6,diffxsec_e_1_7,diffxsec_e_1_8,diffxsec_e_1_9,diffxsec_e_1_10,diffxsec_e_1_11,diffxsec_e_1_12,diffxsec_e_1_13,diffxsec_e_1_14,diffxsec_e_1_15,diffxsec_e_2_1,diffxsec_e_2_2,diffxsec_e_2_3,diffxsec_e_2_4,diffxsec_e_2_5,diffxsec_e_2_6,diffxsec_e_2_7,diffxsec_e_2_8,diffxsec_e_2_9,diffxsec_e_2_10,diffxsec_e_2_11,diffxsec_e_2_12,diffxsec_e_2_13,diffxsec_e_2_14,diffxsec_e_2_15,diffxsec_e_3_1,diffxsec_e_3_2,diffxsec_e_3_3,diffxsec_e_3_4,diffxsec_e_3_5,diffxsec_e_3_6,diffxsec_e_3_7,diffxsec_e_3_8,diffxsec_e_3_9,diffxsec_e_3_10,diffxsec_e_3_11,diffxsec_e_3_12,diffxsec_e_3_13,diffxsec_e_3_14,diffxsec_e_3_15,diffxsec_e_4_1,diffxsec_e_4_2,diffxsec_e_4_3,diffxsec_e_4_4,diffxsec_e_4_5,diffxsec_e_4_6,diffxsec_e_4_7,diffxsec_e_4_8,diffxsec_e_4_9,diffxsec_e_4_10,diffxsec_e_4_11,diffxsec_e_4_12,diffxsec_e_4_13,diffxsec_e_4_14,diffxsec_e_4_15,diffxsec_e_5_1,diffxsec_e_5_2,diffxsec_e_5_3,diffxsec_e_5_4,diffxsec_e_5_5,diffxsec_e_5_6,diffxsec_e_5_7,diffxsec_e_5_8,diffxsec_e_5_9,diffxsec_e_5_10,diffxsec_e_5_11,diffxsec_e_5_12,diffxsec_e_5_13,diffxsec_e_5_14,diffxsec_e_5_15,diffxsec_e_6_1,diffxsec_e_6_2,diffxsec_e_6_3,diffxsec_e_6_4,diffxsec_e_6_5,diffxsec_e_6_6,diffxsec_e_6_7,diffxsec_e_6_8,diffxsec_e_6_9,diffxsec_e_6_10,diffxsec_e_6_11,diffxsec_e_6_12,diffxsec_e_6_13,diffxsec_e_6_14,diffxsec_e_6_15,diffxsec_e_7_1,diffxsec_e_7_2,diffxsec_e_7_3,diffxsec_e_7_4,diffxsec_e_7_5,diffxsec_e_7_6,diffxsec_e_7_7,diffxsec_e_7_8,diffxsec_e_7_9,diffxsec_e_7_10,diffxsec_e_7_11,diffxsec_e_7_12,diffxsec_e_7_13,diffxsec_e_7_14,diffxsec_e_7_15
//different energy is seperated to different matrix
//The vertical axis order of the Operators are listed as below
cHQM,cHQP,cpt,cHtb,ctW,cbW,ctB,cpDC,cpl3,cpWB,cllp,cll,cpl,cle,cpe,cpq,cpq3,cpu,cpd,clq1,clq3,clu,cld,ceq,ceu,ced,cee,cpb,clQP,clt,clb,ceqt,cet,ceb,cWWW,cbB,ctH,cbH,chb

//Matrix
0.00174668,0.00184376,0.00199757,0.00219806,0.0027023,0.00323477,0.00362229,0.00429713,0.00490073,0.00569418,0.00659107,0.0077495,0.00918811,0.0109398,0.01343,0.00168817,0.00176848,0.00193371,0.00214073,0.00264754,0.00313862,0.00352294,0.00411758,0.00469704,0.00543661,0.0063874,0.00731734,0.00861513,0.010163,0.0120629,0.00163033,0.00171961,0.00184982,0.00206886,0.00255133,0.00303418,0.0034067,0.00397955,0.00453148,0.00522969,0.00602633,0.00692004,0.00808206,0.0092207,0.0102202,0.00156943,0.00164961,0.00176876,0.00201789,0.00245292,0.00289477,0.00327016,0.0037738,0.00434642,0.00492448,0.00573589,0.00652686,0.00747616,0.00829319,0.00856365,0.00155137,0.00161089,0.00173568,0.00197045,0.00239014,0.00284039,0.00323031,0.00369857,0.00422774,0.00481075,0.00557821,0.006366,0.00716487,0.00783977,0.00769245,0.00148909,0.00156481,0.00168648,0.00192017,0.00234962,0.00273545,0.00306425,0.0036371,0.0041011,0.00464251,0.00540194,0.00606215,0.00675165,0.00720351,0.00643191,0.00147828,0.00156586,0.00165538,0.00189287,0.00230736,0.0027166,0.00306341,0.00358343,0.00403961,0.00455404,0.00524026,0.0059249,0.00652839,0.0067822,0.00587123
-7.55625e-05,-4.45063e-05,-1.95865e-06,4.99733e-05,0.000115311,0.000167788,0.000205928,0.000258088,0.000300796,0.000345089,0.000373713,0.000377149,0.000303259,1.58378e-05,-0.00102006,-7.99205e-05,-4.62347e-05,-8.84366e-06,4.05004e-05,0.000100675,0.000151783,0.000188491,0.000235165,0.000276078,0.000317632,0.000352925,0.000345901,0.00027554,-3.09513e-06,-0.00101325,-8.72906e-05,-5.60143e-05,-1.63041e-05,2.77865e-05,8.33368e-05,0.000132005,0.000166716,0.000210862,0.000250884,0.00029081,0.000319154,0.000316879,0.000250802,-2.60163e-05,-0.0010051,-9.51225e-05,-6.24692e-05,-2.94294e-05,1.4401e-05,6.68364e-05,0.000112495,0.00014573,0.000185474,0.00022476,0.000258881,0.000290372,0.000287269,0.000219446,-5.01913e-05,-0.000998527,-9.95946e-05,-6.69214e-05,-3.61133e-05,1.07098e-05,5.95538e-05,0.000102931,0.000134843,0.000173628,0.000210426,0.000244808,0.000274659,0.000274224,0.00020305,-6.15157e-05,-0.000995887,-9.91429e-05,-6.9316e-05,-4.04024e-05,5.32859e-07,4.64215e-05,8.85307e-05,0.000119302,0.000157809,0.000192004,0.000224522,0.000255459,0.000252,0.000182078,-7.60992e-05,-0.000990319,-0.000103544,-7.92047e-05,-4.44345e-05,-4.05442e-06,4.14894e-05,8.04569e-05,0.000111974,0.000149662,0.000183014,0.000214375,0.000241964,0.000241766,0.000170607,-8.97219e-05,-0.000986462
0,0,0,0,0,0,0,0,0,0,0,0,0,0,0,0,0,0,0,0,0,0,0,0,0,0,0,0,0,0,0,0,0,0,0,0,0,0,0,0,0,0,0,0,0,0,0,0,0,0,0,0,0,0,0,0,0,0,0,0,0,0,0,0,0,0,0,0,0,0,0,0,0,0,0,0,0,0,0,0,0,0,0,0,0,0,0,0,0,0,0,0,0,0,0,0,0,0,0,0,0,0,0,0,0
2.84991e-05,3.00204e-05,3.24772e-05,3.57338e-05,4.39854e-05,5.2704e-05,5.9051e-05,7.0063e-05,7.98597e-05,9.26425e-05,0.000106844,0.000124804,0.000146141,0.000169598,0.00019485,2.75438e-05,2.87874e-05,3.14359e-05,3.47986e-05,4.30851e-05,5.11286e-05,5.74182e-05,6.71155e-05,7.65109e-05,8.83986e-05,0.000103474,0.000117657,0.000136663,0.000156638,0.000171836,2.66024e-05,2.79928e-05,3.00673e-05,3.36253e-05,4.15109e-05,4.94152e-05,5.55076e-05,6.48433e-05,7.37814e-05,8.49837e-05,9.7514e-05,0.000111082,0.000127808,0.000140939,0.000141104,2.56149e-05,2.68505e-05,2.87491e-05,3.27913e-05,3.99013e-05,4.71349e-05,5.32689e-05,6.14688e-05,7.0739e-05,7.99631e-05,9.27266e-05,0.000104578,0.000117769,0.000125518,0.000113364,2.53233e-05,2.62213e-05,2.82106e-05,3.20185e-05,3.88779e-05,4.62443e-05,5.26117e-05,6.02324e-05,6.87879e-05,7.80914e-05,9.01252e-05,0.000101911,0.000112611,0.000117972,9.87929e-05,2.42996e-05,2.54657e-05,2.74075e-05,3.11975e-05,3.82107e-05,4.45283e-05,4.9899e-05,5.92191e-05,6.67073e-05,7.53278e-05,8.7227e-05,9.69158e-05,0.000105783,0.000107431,7.78515e-05,2.41283e-05,2.54932e-05,2.69017e-05,3.07523e-05,3.75215e-05,4.42152e-05,4.98797e-05,5.83384e-05,6.56981e-05,7.38753e-05,8.45721e-05,9.46628e-05,0.000102104,0.000100496,6.85064e-05
0.000450699,0.000574893,0.000749158,0.000987847,0.00146004,0.00196516,0.0024247,0.00318987,0.00408315,0.00537672,0.00730988,0.0103179,0.0154442,0.0251799,0.049625,0.000436136,0.000565687,0.00073726,0.000981031,0.00144998,0.00195743,0.00242331,0.00315602,0.00403997,0.00534089,0.00733546,0.0102636,0.0153621,0.0252419,0.0499446,0.000416999,0.000549452,0.00072262,0.000967395,0.00143213,0.0019493,0.00241362,0.00314613,0.00405405,0.00535798,0.00731675,0.0102891,0.0154526,0.0253207,0.0498771,0.000392151,0.000532237,0.000688416,0.000957281,0.00141013,0.00192635,0.00240552,0.00312308,0.00403822,0.00531462,0.00731816,0.0103255,0.0154691,0.0253678,0.0501172,0.000383179,0.000518416,0.000674163,0.000956069,0.00140298,0.00192334,0.00240534,0.00312967,0.0040362,0.00531935,0.00732861,0.0103887,0.0154921,0.0254438,0.0502375,0.000377088,0.000514532,0.000669559,0.000941197,0.00139456,0.00189829,0.00238161,0.00314514,0.00403909,0.00531109,0.00735296,0.0103677,0.0155194,0.0254902,0.0501787,0.000366649,0.000494596,0.000656765,0.00093377,0.0013877,0.00188648,0.0023876,0.00314857,0.00403795,0.00530412,0.00730959,0.0103612,0.0155001,0.0253405,0.0502593
0.000244391,0.000276523,0.000323515,0.000388075,0.000533829,0.000700122,0.000858904,0.00113946,0.00149646,0.00205737,0.00300825,0.00468685,0.00807943,0.0161759,0.0445447,0.00023733,0.000267761,0.000313943,0.00037833,0.000520274,0.000681295,0.000838204,0.00110054,0.00144409,0.00199571,0.00293516,0.00455765,0.00784221,0.0158256,0.0436813,0.000229753,0.000260131,0.00030153,0.000365118,0.000500576,0.000658954,0.000809585,0.00106234,0.00140248,0.00193577,0.00283873,0.00441827,0.00761924,0.0153853,0.0424174,0.000221042,0.000250273,0.000286301,0.00035464,0.000479943,0.000631828,0.000782306,0.0010226,0.00135167,0.0018627,0.00274552,0.00429269,0.00739726,0.0149538,0.041302,0.0002186,0.000244182,0.000279962,0.000347878,0.000469508,0.000620593,0.000769382,0.00100749,0.0013292,0.00183113,0.00270268,0.00423887,0.0072866,0.014737,0.0407248,0.000212019,0.00023869,0.000273091,0.000337792,0.000458609,0.000598356,0.000743211,0.00098671,0.00129663,0.00178153,0.00263728,0.00412102,0.00711817,0.0143868,0.0397913,0.000209935,0.000236159,0.0002675,0.000332643,0.000451021,0.000589057,0.000736537,0.000975922,0.00127989,0.00175726,0.00259376,0.00406416,0.0070268,0.0141895,0.039347
0.000566394,0.000814908,0.00114042,0.00154529,0.00226909,0.00301107,0.00366122,0.00474088,0.00596914,0.00773811,0.010348,0.0143966,0.0212623,0.0342474,0.0667619,0.000548448,0.000811595,0.00112655,0.001538,0.00225824,0.00300151,0.00366175,0.00469173,0.00590952,0.00768654,0.0103932,0.0143203,0.0211527,0.0343384,0.0672064,0.00052019,0.000787091,0.00111055,0.00152072,0.00223472,0.00299338,0.00365339,0.00468525,0.00593539,0.00771842,0.0103676,0.0143633,0.0212882,0.034454,0.0671271,0.000479857,0.000765505,0.00105684,0.00150839,0.00220544,0.00296011,0.00364297,0.00464922,0.00591868,0.00765494,0.0103764,0.0144186,0.0213144,0.034524,0.0674637,0.00046411,0.000744189,0.00103452,0.00150924,0.00219486,0.00295735,0.00364803,0.0046598,0.00591413,0.00766436,0.0103927,0.0145116,0.0213474,0.0346316,0.0676319,0.000466099,0.00074545,0.00103228,0.0014879,0.00218625,0.00292152,0.00360625,0.00469054,0.00592189,0.00765677,0.0104348,0.014487,0.0213894,0.0347016,0.0675592,0.000445517,0.000702841,0.00101217,0.00147713,0.00217654,0.00290914,0.003622,0.00469601,0.00592233,0.00764795,0.0103712,0.0144811,0.0213635,0.034494,0.0676732
0.0471802,0.054268,0.064139,0.0732488,0.0557914,0.0723972,0.0995188,0.141834,0.112519,0.179097,0.138862,0.157252,0.200207,0.265452,0.261298,0.0453977,0.0382985,0.0387868,0.0579674,0.0646618,0.0872959,0.0835575,0.116466,0.0996672,0.110318,0.147347,0.164346,0.178955,0.217057,0.220675,0.0296444,0.0600259,0.0369682,0.04298,0.0668167,0.0735998,0.087147,0.108127,0.104834,0.121107,0.146366,0.138453,0.210761,0.185545,0.158908,0.0376204,0.0278639,0.0352296,0.0459604,0.0725961,0.0745276,0.0811722,0.0797146,0.102986,0.111809,0.113057,0.142761,0.171799,0.168772,0.170098,0.0424819,0.0458927,0.0705246,0.0364517,0.0677694,0.0907358,0.0873942,0.0866645,0.088749,0.0946705,0.152495,0.154741,0.172973,0.184207,0.178404,0.0352977,0.0380791,0.0478593,0.0476299,0.0712388,0.0747934,0.0885161,0.0977941,0.089495,0.110876,0.124463,0.12823,0.149826,0.138887,0.142625,0.050168,0.0388687,0.0540408,0.0508933,0.0589129,0.0773635,0.0725803,0.0696307,0.115265,0.103234,0.0914395,0.117679,0.157628,0.112608,0.113862
-0.0222042,-0.0363057,-0.0415808,-0.0370974,-0.030156,-0.0345319,-0.0630337,-0.0973291,-0.0814552,-0.129231,-0.147949,-0.218155,-0.315218,-0.655999,-1.38373,-0.0227784,-0.0243782,-0.0172842,-0.0339334,-0.0326643,-0.05511,-0.0419531,-0.0733899,-0.0962056,-0.0788838,-0.142077,-0.216986,-0.299288,-0.573891,-1.31066,-0.0204032,-0.0270542,-0.0186738,-0.0209913,-0.0302978,-0.0525633,-0.0583242,-0.0634491,-0.0661676,-0.11758,-0.162386,-0.184604,-0.340663,-0.585507,-1.39071,-0.0182898,-0.0172875,-0.0192551,-0.0242774,-0.0453533,-0.0367548,-0.055711,-0.0582401,-0.0921669,-0.0885677,-0.163067,-0.220378,-0.354634,-0.627477,-1.36297,-0.0221559,-0.0228745,-0.0348389,-0.0178953,-0.0335561,-0.058313,-0.0451535,-0.064079,-0.0858516,-0.0819359,-0.138197,-0.20423,-0.373633,-0.558107,-1.31363,-0.0203623,-0.0249882,-0.0243712,-0.0233555,-0.0417389,-0.0491967,-0.0521288,-0.0536048,-0.0630473,-0.129017,-0.14036,-0.234053,-0.344199,-0.68675,-1.4012,-0.029569,-0.0171751,-0.0251471,-0.0376231,-0.0266975,-0.0449719,-0.0491431,-0.0679053,-0.0776687,-0.100147,-0.123444,-0.192627,-0.317704,-0.646895,-1.19389
-0.0480591,-0.0608809,-0.0546102,-0.0591458,-0.0562201,-0.0609144,-0.0984111,-0.131358,-0.191228,-0.259642,-0.241928,-0.364428,-0.492075,-1.20541,-2.09618,-0.0467177,-0.0379007,-0.0320043,-0.0587567,-0.0596159,-0.105055,-0.0666895,-0.129409,-0.127252,-0.173014,-0.303407,-0.44666,-0.60942,-1.11016,-2.29433,-0.0257236,-0.0669457,-0.0300224,-0.0452823,-0.0568362,-0.0582884,-0.0948792,-0.128055,-0.115595,-0.187549,-0.275429,-0.366691,-0.642205,-1.11248,-2.47122,-0.0389936,-0.0249759,-0.0369412,-0.0513636,-0.066617,-0.0734042,-0.106025,-0.094992,-0.142649,-0.136815,-0.277518,-0.405394,-0.742038,-1.24599,-2.57216,-0.044799,-0.0424601,-0.0526835,-0.027172,-0.0689588,-0.0856282,-0.103257,-0.123741,-0.115259,-0.167419,-0.296522,-0.434366,-0.641241,-1.11036,-2.37132,-0.0262835,-0.0293711,-0.0402315,-0.0451875,-0.0690526,-0.0991334,-0.0543939,-0.165499,-0.137407,-0.153995,-0.281844,-0.307184,-0.712893,-1.1242,-2.32721,-0.0415229,-0.0444419,-0.0621125,-0.046567,-0.0621737,-0.0897068,-0.0950823,-0.0796883,-0.131162,-0.150219,-0.231425,-0.360719,-0.568746,-0.998376,-2.45622
-0.0670789,-0.138322,-0.185246,-0.416692,-0.524151,-0.90759,-1.47844,-2.35562,-2.70859,-5.0445,-5.23287,-7.19775,-10.6522,-18.721,-35.0239,-0.0794715,-0.0789666,-0.129346,-0.346017,-0.581681,-1.1735,-1.24766,-2.46611,-2.58887,-3.30319,-5.46251,-7.61049,-11.019,-19.0856,-35.3473,-0.0521123,-0.125639,-0.126406,-0.267864,-0.636476,-1.00433,-1.55859,-2.32942,-2.53871,-3.57884,-5.74352,-7.12448,-11.8143,-17.8381,-35.3055,-0.084002,-0.0604831,-0.138822,-0.310553,-0.7314,-1.10992,-1.5253,-1.76701,-2.74036,-3.70867,-5.39969,-7.48668,-11.7409,-18.9884,-35.6002,-0.0710208,-0.0968276,-0.22028,-0.206065,-0.66192,-1.17878,-1.52557,-1.96214,-2.65357,-3.59952,-5.7077,-7.95905,-12.1957,-18.5644,-35.4105,-0.0590964,-0.0765602,-0.1424,-0.295277,-0.728699,-1.15728,-1.42845,-2.22299,-2.61477,-4.48485,-5.55415,-7.7832,-10.9431,-18.3568,-35.2267,-0.0639456,-0.109628,-0.203541,-0.349751,-0.639901,-1.05318,-1.60129,-1.88401,-3.02098,-3.80261,-4.96771,-7.24515,-11.4331,-17.8773,-34.9429
0,-0.00551331,-0.080689,-0.249609,-0.429119,-0.779644,-1.37245,-2.32576,-2.54814,-5.0172,-4.96284,-7.15975,-10.0739,-18.4141,-34.1561,0,-0.0139709,-0.052695,-0.203725,-0.472298,-0.993763,-1.22896,-2.18741,-2.36061,-3.0296,-5.11457,-7.37033,-10.8361,-18.4855,-34.1335,-0.000799317,-0.0121811,-0.0603665,-0.190379,-0.49184,-0.951611,-1.32715,-2.13939,-2.27649,-3.53252,-5.41462,-6.65216,-11.5591,-17.1667,-34.6178,-0.0011643,-0.0116138,-0.042522,-0.188612,-0.624629,-0.883191,-1.4225,-1.49324,-2.47728,-3.39885,-5.07752,-6.9979,-11.1519,-18.8872,-35.263,0,-0.00795347,-0.119018,-0.146485,-0.572966,-1.05513,-1.34753,-1.8691,-2.29195,-3.24152,-5.46309,-7.49901,-12.1714,-18.6416,-35.0733,0,-0.0144905,-0.0792763,-0.201508,-0.609109,-1.04396,-1.46049,-2.17491,-2.52865,-4.05111,-5.48552,-7.37479,-10.794,-17.6738,-34.8825,-0.0012896,-0.0154761,-0.102047,-0.278686,-0.501222,-0.86176,-1.34611,-1.60189,-2.90823,-3.63014,-4.64615,-7.13621,-11.2858,-17.4477,-34.978
-0.208268,-0.259529,-0.278613,-0.308628,-0.266576,-0.311802,-0.44864,-0.626767,-0.57026,-0.885238,-0.753164,-0.929054,-1.14514,-1.6738,-2.31065,-0.190981,-0.177463,-0.154849,-0.28498,-0.286618,-0.41447,-0.371683,-0.578628,-0.543153,-0.56611,-0.752416,-0.947844,-1.08886,-1.54172,-2.29104,-0.145733,-0.266355,-0.170569,-0.202683,-0.303235,-0.348519,-0.393444,-0.529483,-0.477852,-0.549876,-0.701974,-0.77297,-1.15006,-1.36367,-2.07295,-0.190123,-0.123372,-0.180777,-0.21783,-0.321332,-0.36259,-0.40814,-0.337056,-0.479574,-0.549278,-0.697347,-0.744868,-1.03839,-1.35293,-1.84395,-0.170178,-0.204305,-0.314569,-0.150064,-0.318502,-0.393896,-0.400414,-0.430395,-0.425228,-0.488351,-0.709474,-0.805155,-0.998788,-1.30446,-2.03505,-0.135331,-0.162389,-0.225386,-0.209429,-0.32954,-0.357253,-0.361547,-0.43758,-0.446318,-0.615563,-0.573601,-0.835973,-0.942059,-1.26376,-1.93311,-0.211428,-0.187701,-0.264139,-0.245368,-0.287342,-0.317562,-0.374285,-0.348349,-0.457815,-0.500726,-0.542402,-0.702982,-0.990109,-1.14822,-1.65189
-0.486195,-0.991338,-1.2769,-1.69441,-1.5018,-1.79775,-2.52564,-3.39213,-3.1441,-5.00047,-4.22636,-5.50383,-6.83949,-10.6761,-18.8958,-0.514622,-0.688346,-0.759815,-1.51812,-1.72869,-2.50957,-2.07519,-3.42547,-2.7571,-3.15733,-4.51699,-5.44233,-6.93977,-10.8315,-18.7737,-0.340862,-1.06651,-0.827923,-1.20055,-1.78598,-2.17382,-2.36211,-3.0626,-2.81748,-3.5371,-4.68988,-5.14292,-7.49591,-10.0174,-18.2414,-0.47409,-0.474586,-0.848045,-1.2762,-2.00888,-2.03173,-2.57373,-2.32208,-3.03924,-3.5351,-4.3456,-5.18614,-7.25912,-10.8716,-18.6206,-0.448449,-0.789534,-1.5537,-0.920263,-1.96381,-2.56695,-2.54122,-2.66945,-2.85206,-3.31503,-4.6355,-5.34736,-7.46077,-10.6388,-18.4689,-0.420616,-0.686389,-1.08924,-1.28359,-2.0924,-2.23795,-2.34055,-2.97343,-2.89898,-4.09791,-4.1888,-5.61872,-6.73788,-10.268,-18.5518,-0.571437,-0.830791,-1.42191,-1.5147,-1.67722,-2.16035,-2.36749,-2.34551,-3.31275,-3.51446,-3.85537,-5.0211,-7.11462,-10.0031,-18.3524
0.22902,0.305565,0.307148,0.363604,0.295654,0.388747,0.503746,0.717439,0.636378,1.02712,0.893489,1.20331,1.49907,2.32303,3.91709,0.237184,0.214788,0.190298,0.327415,0.335174,0.4532,0.402869,0.636547,0.550197,0.629524,0.936841,1.16943,1.56683,2.30708,3.70681,0.153809,0.309086,0.180278,0.244555,0.314372,0.368678,0.447492,0.565842,0.537152,0.668009,0.94988,1.04936,1.61993,2.01887,3.49248,0.238625,0.156929,0.194942,0.257209,0.375971,0.352102,0.446013,0.405454,0.558045,0.601057,0.823771,1.02686,1.48031,2.09126,3.55069,0.222503,0.209525,0.354744,0.178283,0.332422,0.456898,0.450994,0.477325,0.520778,0.620029,0.940068,1.0265,1.54471,2.03256,3.46385,0.173509,0.191854,0.253341,0.257749,0.338058,0.424003,0.428787,0.589871,0.555982,0.683215,0.831735,0.982514,1.21754,1.82108,3.29338,0.243127,0.226576,0.321312,0.284936,0.295048,0.377701,0.394653,0.401939,0.64387,0.616537,0.682243,0.916677,1.32558,1.8355,3.23727
0,0,0,0,0,0,0,0,0,0,0,0,0,0,0,0,0,0,0,0,0,0,0,0,0,0,0,0,0,0,0,0,0,0,0,0,0,0,0,0,0,0,0,0,0,0,0,0,0,0,0,0,0,0,0,0,0,0,0,0,0,0,0,0,0,0,0,0,0,0,0,0,0,0,0,0,0,0,0,0,0,0,0,0,0,0,0,0,0,0,0,0,0,0,0,0,0,0,0,0,0,0,0,0,0
0,0,0,0,0,0,0,0,0,0,0,0,0,0,0,0,0,0,0,0,0,0,0,0,0,0,0,0,0,0,0,0,0,0,0,0,0,0,0,0,0,0,0,0,0,0,0,0,0,0,0,0,0,0,0,0,0,0,0,0,0,0,0,0,0,0,0,0,0,0,0,0,0,0,0,0,0,0,0,0,0,0,0,0,0,0,0,0,0,0,0,0,0,0,0,0,0,0,0,0,0,0,0,0,0
0,0,0,0,0,0,0,0,0,0,0,0,0,0,0,0,0,0,0,0,0,0,0,0,0,0,0,0,0,0,0,0,0,0,0,0,0,0,0,0,0,0,0,0,0,0,0,0,0,0,0,0,0,0,0,0,0,0,0,0,0,0,0,0,0,0,0,0,0,0,0,0,0,0,0,0,0,0,0,0,0,0,0,0,0,0,0,0,0,0,0,0,0,0,0,0,0,0,0,0,0,0,0,0,0
0,0,0,0,0,0,0,0,0,0,0,0,0,0,0,0,0,0,0,0,0,0,0,0,0,0,0,0,0,0,0,0,0,0,0,0,0,0,0,0,0,0,0,0,0,0,0,0,0,0,0,0,0,0,0,0,0,0,0,0,0,0,0,0,0,0,0,0,0,0,0,0,0,0,0,0,0,0,0,0,0,0,0,0,0,0,0,0,0,0,0,0,0,0,0,0,0,0,0,0,0,0,0,0,0
0,0,0,0,0,0,0,0,0,0,0,0,0,0,0,0,0,0,0,0,0,0,0,0,0,0,0,0,0,0,0,0,0,0,0,0,0,0,0,0,0,0,0,0,0,0,0,0,0,0,0,0,0,0,0,0,0,0,0,0,0,0,0,0,0,0,0,0,0,0,0,0,0,0,0,0,0,0,0,0,0,0,0,0,0,0,0,0,0,0,0,0,0,0,0,0,0,0,0,0,0,0,0,0,0
0,0,0,0,0,0,0,0,0,0,0,0,0,0,0,0,0,0,0,0,0,0,0,0,0,0,0,0,0,0,0,0,0,0,0,0,0,0,0,0,0,0,0,0,0,0,0,0,0,0,0,0,0,0,0,0,0,0,0,0,0,0,0,0,0,0,0,0,0,0,0,0,0,0,0,0,0,0,0,0,0,0,0,0,0,0,0,0,0,0,0,0,0,0,0,0,0,0,0,0,0,0,0,0,0
0,0,0,0,0,0,0,0,0,0,0,0,0,0,0,0,0,0,0,0,0,0,0,0,0,0,0,0,0,0,0,0,0,0,0,0,0,0,0,0,0,0,0,0,0,0,0,0,0,0,0,0,0,0,0,0,0,0,0,0,0,0,0,0,0,0,0,0,0,0,0,0,0,0,0,0,0,0,0,0,0,0,0,0,0,0,0,0,0,0,0,0,0,0,0,0,0,0,0,0,0,0,0,0,0
0,0,0,0,0,0,0,0,0,0,0,0,0,0,0,0,0,0,0,0,0,0,0,0,0,0,0,0,0,0,0,0,0,0,0,0,0,0,0,0,0,0,0,0,0,0,0,0,0,0,0,0,0,0,0,0,0,0,0,0,0,0,0,0,0,0,0,0,0,0,0,0,0,0,0,0,0,0,0,0,0,0,0,0,0,0,0,0,0,0,0,0,0,0,0,0,0,0,0,0,0,0,0,0,0
0,0,0,0,0,0,0,0,0,0,0,0,0,0,0,0,0,0,0,0,0,0,0,0,0,0,0,0,0,0,0,0,0,0,0,0,0,0,0,0,0,0,0,0,0,0,0,0,0,0,0,0,0,0,0,0,0,0,0,0,0,0,0,0,0,0,0,0,0,0,0,0,0,0,0,0,0,0,0,0,0,0,0,0,0,0,0,0,0,0,0,0,0,0,0,0,0,0,0,0,0,0,0,0,0
0,0,0,0,0,0,0,0,0,0,0,0,0,0,0,0,0,0,0,0,0,0,0,0,0,0,0,0,0,0,0,0,0,0,0,0,0,0,0,0,0,0,0,0,0,0,0,0,0,0,0,0,0,0,0,0,0,0,0,0,0,0,0,0,0,0,0,0,0,0,0,0,0,0,0,0,0,0,0,0,0,0,0,0,0,0,0,0,0,0,0,0,0,0,0,0,0,0,0,0,0,0,0,0,0
0,0,0,0,0,0,0,0,0,0,0,0,0,0,0,0,0,0,0,0,0,0,0,0,0,0,0,0,0,0,0,0,0,0,0,0,0,0,0,0,0,0,0,0,0,0,0,0,0,0,0,0,0,0,0,0,0,0,0,0,0,0,0,0,0,0,0,0,0,0,0,0,0,0,0,0,0,0,0,0,0,0,0,0,0,0,0,0,0,0,0,0,0,0,0,0,0,0,0,0,0,0,0,0,0
0,-0.0163929,-0.0722323,-0.255121,-0.399172,-0.796403,-1.32492,-2.08087,-2.37428,-4.82762,-4.73387,-6.88576,-9.92411,-17.8997,-34.0367,0,-0.0239782,-0.0475046,-0.218434,-0.489147,-1.04448,-1.10099,-2.28983,-2.27501,-3.00159,-4.95404,-7.19881,-10.5086,-17.8583,-34.2951,0.000791043,-0.0195894,-0.0572524,-0.183745,-0.537029,-0.873886,-1.31982,-2.08857,-2.26035,-3.33139,-5.44018,-6.70405,-11.0164,-17.1104,-34.1616,0,-0.0122016,-0.0644115,-0.208444,-0.574321,-0.904954,-1.25351,-1.56329,-2.50583,-3.21437,-5.18184,-7.13464,-11.2691,-18.3061,-34.7521,0.00223189,-0.0112297,-0.112862,-0.162688,-0.580359,-1.0755,-1.424,-1.68579,-2.26899,-3.31711,-5.59795,-7.0716,-11.3837,-17.969,-34.2516,0,-0.0112462,-0.0925448,-0.199044,-0.628206,-1.05721,-1.4252,-2.00541,-2.48788,-4.10905,-4.97568,-7.38419,-10.443,-17.7811,-34.5233,0,-0.0105812,-0.102241,-0.23196,-0.459494,-0.973267,-1.26732,-1.56184,-2.69528,-3.5071,-4.67686,-7.00725,-10.6484,-17.0918,-34.0306
0,0,0,0,0,0,0,0,0,0,0,0,0,0,0,0,0,0,0,0,0,0,0,0,0,0,0,0,0,0,0,0,0,0,0,0,0,0,0,0,0,0,0,0,0,0,0,0,0,0,0,0,0,0,0,0,0,0,0,0,0,0,0,0,0,0,0,0,0,0,0,0,0,0,0,0,0,0,0,0,0,0,0,0,0,0,0,0,0,0,0,0,0,0,0,0,0,0,0,0,0,0,0,0,0
0,0,0,0,0,0,0,0,0,0,0,0,0,0,0,0,0,0,0,0,0,0,0,0,0,0,0,0,0,0,0,0,0,0,0,0,0,0,0,0,0,0,0,0,0,0,0,0,0,0,0,0,0,0,0,0,0,0,0,0,0,0,0,0,0,0,0,0,0,0,0,0,0,0,0,0,0,0,0,0,0,0,0,0,0,0,0,0,0,0,0,0,0,0,0,0,0,0,0,0,0,0,0,0,0
0,0,0,0,0,0,0,0,0,0,0,0,0,0,0,0,0,0,0,0,0,0,0,0,0,0,0,0,0,0,0,0,0,0,0,0,0,0,0,0,0,0,0,0,0,0,0,0,0,0,0,0,0,0,0,0,0,0,0,0,0,0,0,0,0,0,0,0,0,0,0,0,0,0,0,0,0,0,0,0,0,0,0,0,0,0,0,0,0,0,0,0,0,0,0,0,0,0,0,0,0,0,0,0,0
0,0,0,0,0,0,0,0,0,0,0,0,0,0,0,0,0,0,0,0,0,0,0,0,0,0,0,0,0,0,0,0,0,0,0,0,0,0,0,0,0,0,0,0,0,0,0,0,0,0,0,0,0,0,0,0,0,0,0,0,0,0,0,0,0,0,0,0,0,0,0,0,0,0,0,0,0,0,0,0,0,0,0,0,0,0,0,0,0,0,0,0,0,0,0,0,0,0,0,0,0,0,0,0,0
0,0,0,0,0,0,0,0,0,0,0,0,0,0,0,0,0,0,0,0,0,0,0,0,0,0,0,0,0,0,0,0,0,0,0,0,0,0,0,0,0,0,0,0,0,0,0,0,0,0,0,0,0,0,0,0,0,0,0,0,0,0,0,0,0,0,0,0,0,0,0,0,0,0,0,0,0,0,0,0,0,0,0,0,0,0,0,0,0,0,0,0,0,0,0,0,0,0,0,0,0,0,0,0,0
0,0,0,0,0,0,0,0,0,0,0,0,0,0,0,0,0,0,0,0,0,0,0,0,0,0,0,0,0,0,0,0,0,0,0,0,0,0,0,0,0,0,0,0,0,0,0,0,0,0,0,0,0,0,0,0,0,0,0,0,0,0,0,0,0,0,0,0,0,0,0,0,0,0,0,0,0,0,0,0,0,0,0,0,0,0,0,0,0,0,0,0,0,0,0,0,0,0,0,0,0,0,0,0,0
0,0,0,0,0,0,0,0,0,0,0,0,0,0,0,0,0,0,0,0,0,0,0,0,0,0,0,0,0,0,0,0,0,0,0,0,0,0,0,0,0,0,0,0,0,0,0,0,0,0,0,0,0,0,0,0,0,0,0,0,0,0,0,0,0,0,0,0,0,0,0,0,0,0,0,0,0,0,0,0,0,0,0,0,0,0,0,0,0,0,0,0,0,0,0,0,0,0,0,0,0,0,0,0,0
0,0,0,0,0,0,0,0,0,0,0,0,0,0,0,0,0,0,0,0,0,0,0,0,0,0,0,0,0,0,0,0,0,0,0,0,0,0,0,0,0,0,0,0,0,0,0,0,0,0,0,0,0,0,0,0,0,0,0,0,0,0,0,0,0,0,0,0,0,0,0,0,0,0,0,0,0,0,0,0,0,0,0,0,0,0,0,0,0,0,0,0,0,0,0,0,0,0,0,0,0,0,0,0,0
-0.000556037,-0.000607659,-0.000685018,-0.000793622,-0.00106072,-0.00137179,-0.00166792,-0.00219616,-0.00286562,-0.00391862,-0.00570005,-0.00884156,-0.0151755,-0.0302398,-0.0827684,-0.000541818,-0.000588575,-0.000666903,-0.000776441,-0.00103847,-0.00133848,-0.0016315,-0.00212456,-0.00276871,-0.00380309,-0.00556333,-0.00859495,-0.0147225,-0.0295676,-0.0811241,-0.000527768,-0.000575737,-0.000642842,-0.000753382,-0.00100404,-0.00129965,-0.00158125,-0.00205651,-0.00269341,-0.00369262,-0.00538113,-0.00833017,-0.0142963,-0.0287235,-0.0787207,-0.000511702,-0.00055663,-0.000615847,-0.000736532,-0.000967494,-0.00125039,-0.00153231,-0.00198308,-0.0026006,-0.00355545,-0.00520618,-0.00809115,-0.0138709,-0.0278962,-0.0766001,-0.000507944,-0.000545236,-0.000605064,-0.00072324,-0.000948062,-0.00123065,-0.00151052,-0.00195601,-0.00255891,-0.00349704,-0.00512552,-0.00798905,-0.0136586,-0.0274811,-0.075502,-0.000492686,-0.000533787,-0.000591662,-0.000706029,-0.000930811,-0.00119011,-0.00146045,-0.00192046,-0.00249963,-0.00340509,-0.00500356,-0.00776576,-0.0133368,-0.0268132,-0.0737309,-0.000489935,-0.000532786,-0.000581411,-0.000696955,-0.000916702,-0.00117497,-0.00145065,-0.00190103,-0.00246916,-0.00335992,-0.00492082,-0.00765827,-0.0131623,-0.0264356,-0.0728899
0,0,0,0,0,0,0,0,0,0,0,0,0,0,0,0,0,0,0,0,0,0,0,0,0,0,0,0,0,0,0,0,0,0,0,0,0,0,0,0,0,0,0,0,0,0,0,0,0,0,0,0,0,0,0,0,0,0,0,0,0,0,0,0,0,0,0,0,0,0,0,0,0,0,0,0,0,0,0,0,0,0,0,0,0,0,0,0,0,0,0,0,0,0,0,0,0,0,0,0,0,0,0,0,0
0,0,0,0,0,0,0,0,0,0,0,0,0,0,0,0,0,0,0,0,0,0,0,0,0,0,0,0,0,0,0,0,0,0,0,0,0,0,0,0,0,0,0,0,0,0,0,0,0,0,0,0,0,0,0,0,0,0,0,0,0,0,0,0,0,0,0,0,0,0,0,0,0,0,0,0,0,0,0,0,0,0,0,0,0,0,0,0,0,0,0,0,0,0,0,0,0,0,0,0,0,0,0,0,0
0,0,0,0,0,0,0,0,0,0,0,0,0,0,0,0,0,0,0,0,0,0,0,0,0,0,0,0,0,0,0,0,0,0,0,0,0,0,0,0,0,0,0,0,0,0,0,0,0,0,0,0,0,0,0,0,0,0,0,0,0,0,0,0,0,0,0,0,0,0,0,0,0,0,0,0,0,0,0,0,0,0,0,0,0,0,0,0,0,0,0,0,0,0,0,0,0,0,0,0,0,0,0,0,0