//This is the Matrix of Operator and Observable
//The horizontal axis order of the observables are listed as below
sigma_WW@182.66GeV,sigma_1@182.66GeV,sigma_2@182.66GeV,sigma_3@182.66GeV,sigma_4@182.66GeV,sigma_5@182.66GeV,sigma_6@182.66GeV,sigma_7@182.66GeV,sigma_8@182.66GeV,sigma_9@182.66GeV,sigma_10@182.66GeV
//different energy is seperated to different matrix
//The vertical axis order of the Operators are listed as below
cHQM,cHQP,cpt,cHtb,ctW,cbW,ctB,cpDC,cpl3,cpWB,cllp,cll,cpl,cle,cpe,cpq,cpq3,cpu,cpd,clq1,clq3,clu,cld,ceq,ceu,ced,cee,cpb,clQP,clt,clb,ceqt,cet,ceb,cWWW,cbB,ctH,cbH

 //ecm=182.66GeV Matrix:
-0.059238,-0.00138453,-0.00177195,-0.0022621,-0.00276547,-0.00353822,-0.00446782,-0.00596779,-0.00801962,-0.0114114,-0.0176492
0.0140706,0.00048483,0.000564821,0.000668977,0.000768264,0.000931503,0.00112123,0.00143338,0.0018489,0.00252659,0.00372214
0.0696927,0.00165131,0.00210128,0.00267299,0.00326053,0.00416588,0.00525594,0.00701684,0.00942609,0.013409,0.0207328
-0.00144857,-4.15879e-05,-5.02863e-05,-6.14904e-05,-7.26569e-05,-9.04274e-05,-0.000111578,-0.000146123,-0.000193027,-0.000270398,-0.000410996
-0.010605,-0.000840455,-0.000851645,-0.000887746,-0.000903514,-0.000972756,-0.00103369,-0.001149,-0.0012533,-0.0013683,-0.00134463
0.000954513,5.38334e-05,5.89288e-05,6.54957e-05,7.03161e-05,7.92622e-05,8.79777e-05,0.000102588,0.000119041,0.000143083,0.000173987
0.0264148,0.000414439,0.000603443,0.000835793,0.00108232,0.00144739,0.00189658,0.0026187,0.00363046,0.00533023,0.00855546
-1.6077,-0.038251,-0.0477374,-0.061372,-0.0764377,-0.0952496,-0.124545,-0.163712,-0.219505,-0.310542,-0.470347
-1.76437,0.0393626,0.0191229,0.00150431,-0.0253681,-0.0572776,-0.103751,-0.167183,-0.267584,-0.438323,-0.764871
-3.27416,-0.023751,-0.0430488,-0.0736282,-0.111333,-0.154011,-0.224039,-0.318449,-0.467747,-0.706556,-1.15159
0,0,0,0,0,0,0,0,0,0,0
3.1196,0.0733238,0.0984098,0.121156,0.1493,0.190049,0.241438,0.316291,0.428554,0.600912,0.900166
-0.176898,-0.0853836,-0.0816362,-0.0763994,-0.0679821,-0.0579409,-0.045142,-0.0271352,0.00589979,0.0648208,0.194001
0,0,0,0,0,0,0,0,0,0,0
-0.176935,-0.0161789,-0.0169291,-0.0180244,-0.0183889,-0.0186259,-0.0188595,-0.0189108,-0.0180474,-0.0169663,-0.0160038
0,0,0,0,0,0,0,0,0,0,0
0,0,0,0,0,0,0,0,0,0,0
0,0,0,0,0,0,0,0,0,0,0
0,0,0,0,0,0,0,0,0,0,0
0,0,0,0,0,0,0,0,0,0,0
0,0,0,0,0,0,0,0,0,0,0
0,0,0,0,0,0,0,0,0,0,0
0,0,0,0,0,0,0,0,0,0,0
0,0,0,0,0,0,0,0,0,0,0
0,0,0,0,0,0,0,0,0,0,0
0,0,0,0,0,0,0,0,0,0,0
0,0,0,0,0,0,0,0,0,0,0
0,0,0,0,0,0,0,0,0,0,0
0,0,0,0,0,0,0,0,0,0,0
0,0,0,0,0,0,0,0,0,0,0
0,0,0,0,0,0,0,0,0,0,0
0,0,0,0,0,0,0,0,0,0,0
0,0,0,0,0,0,0,0,0,0,0
0,0,0,0,0,0,0,0,0,0,0
0.0299472,0.0356717,0.0332858,0.0304019,0.0263965,0.0215078,0.0147138,0.0042089,-0.0110808,-0.0353166,-0.0898417
0,0,0,0,0,0,0,0,0,0,0
0,0,0,0,0,0,0,0,0,0,0
0,0,0,0,0,0,0,0,0,0,0
