//This is the Matrix of Operator and Observable
//The horizontal axis order of the observables are listed as below
sigma_WW@182.66,sigma_1@182.66,sigma_2@182.66,sigma_3@182.66,sigma_4@182.66,sigma_5@182.66,sigma_6@182.66,sigma_7@182.66,sigma_8@182.66,sigma_9@182.66,sigma_10@182.66
//different energy is seperated to different matrix
//The vertical axis order of the Operators are listed as below
cHQM,cHQP,cpt,cHtb,ctW,cbW,ctB,cpDC,cpl3,cpWB,cllp,cll,cpl,cle,cpe,cpq,cpq3,cpu,cpd,clq1,clq3,clu,cld,ceq,ceu,ced,cee,cpb,clQP,clt,clb,ceqt,cet,ceb,cWWW,cbB,ctH,cbH

 //ecm=182.66GeV Matrix:
0.0276728, -0.00107107, -0.000859362, -0.000648224, -0.00035122, 0.000086665, 0.000809909, 0.00208723, 0.00452848, 0.00962107, 0.021178
0.000389459, -0.0000150739, -0.0000120944, -9.12291e-6, -4.94296e-6, 1.2197e-6, 0.0000113984, 0.0000293751, 0.0000637325, 0.000135404, 0.000298052
-0.042924, 0.00166136, 0.00133298, 0.00100548, 0.000544785, -0.000134428, -0.00125627, -0.00323755, -0.00702423, -0.0149235, -0.0328496
0.00247615, -0.0000958386, -0.0000768954, -0.0000580029, -0.000031427, 7.75475e-6, 0.0000724704, 0.000186765, 0.000405207, 0.00086089, 0.00189499
0.09102, -0.0035229, -0.00282657, -0.00213211, -0.00115521, 0.000285054, 0.00266391, 0.00686521, 0.0148948, 0.0316451, 0.0696574
0.0115434, -0.000446782, -0.000358472, -0.000270399, -0.000146507, 0.0000361513, 0.000337844, 0.000870663, 0.001889, 0.00401331, 0.00883413
-0.0167686, 0.000649024, 0.000520739, 0.000392798, 0.000212825, -0.0000525155, -0.000490773, -0.00126478, -0.00274408, -0.00582998, -0.012833
0.496714, -0.0192252, -0.0154252, -0.0116353, -0.00630423, 0.0015556, 0.0145375, 0.0374648, 0.0812842, 0.172694, 0.380135
0.605924, -0.0234521, -0.0188166, -0.0141935, -0.00769031, 0.00189762, 0.0177338, 0.045702, 0.0991557, 0.210663, 0.463713
1.09722, -0.0424674, -0.0340734, -0.0257019, -0.0139257, 0.00343624, 0.0321126, 0.0827579, 0.179553, 0.381472, 0.839698
-0.302962, 0.011726, 0.0094083, 0.00709676, 0.00384515, -0.000948809, -0.00886689, -0.022851, -0.0495778, -0.105332, -0.231856
0., 0., 0., 0., 0., 0., 0., 0., 0., 0., 0.
0., 0., 0., 0., 0., 0., 0., 0., 0., 0., 0.
0., 0., 0., 0., 0., 0., 0., 0., 0., 0., 0.
0., 0., 0., 0., 0., 0., 0., 0., 0., 0., 0.
0., 0., 0., 0., 0., 0., 0., 0., 0., 0., 0.
0., 0., 0., 0., 0., 0., 0., 0., 0., 0., 0.
0., 0., 0., 0., 0., 0., 0., 0., 0., 0., 0.
0., 0., 0., 0., 0., 0., 0., 0., 0., 0., 0.
0., 0., 0., 0., 0., 0., 0., 0., 0., 0., 0.
0., 0., 0., 0., 0., 0., 0., 0., 0., 0., 0.
0., 0., 0., 0., 0., 0., 0., 0., 0., 0., 0.
0., 0., 0., 0., 0., 0., 0., 0., 0., 0., 0.
0., 0., 0., 0., 0., 0., 0., 0., 0., 0., 0.
0., 0., 0., 0., 0., 0., 0., 0., 0., 0., 0.
0., 0., 0., 0., 0., 0., 0., 0., 0., 0., 0.
0., 0., 0., 0., 0., 0., 0., 0., 0., 0., 0.
0., 0., 0., 0., 0., 0., 0., 0., 0., 0., 0.
0., 0., 0., 0., 0., 0., 0., 0., 0., 0., 0.
0., 0., 0., 0., 0., 0., 0., 0., 0., 0., 0.
0., 0., 0., 0., 0., 0., 0., 0., 0., 0., 0.
0., 0., 0., 0., 0., 0., 0., 0., 0., 0., 0.
0., 0., 0., 0., 0., 0., 0., 0., 0., 0., 0.
0., 0., 0., 0., 0., 0., 0., 0., 0., 0., 0.
0., 0., 0., 0., 0., 0., 0., 0., 0., 0., 0.
0., 0., 0., 0., 0., 0., 0., 0., 0., 0., 0.
0., 0., 0., 0., 0., 0., 0., 0., 0., 0., 0.
0., 0., 0., 0., 0., 0., 0., 0., 0., 0., 0.