//This is the Matrix of Operator and Observable
//The horizontal axis order of the observables are listed as below
sigma_1@182.66,sigma_2@182.66,sigma_3@182.66,sigma_4@182.66,sigma_5@182.66,sigma_6@182.66,sigma_7@182.66,sigma_8@182.66,sigma_9@182.66,sigma_10@182.66
//different energy is seperated to different matrix
//The vertical axis order of the Operators are listed as below
cHQM,cHQP,cpt,cHtb,ctW,cbW,ctB,cpDC,cpl3,cpWB,cllp,cll,cpl,cle,cpe,cpq,cpq3,cpu,cpd,clq1,clq3,clu,cld,ceq,ceu,ced,cee,cpb,clQP,clt,clb,ceqt,cet,ceb,cWWW,cbB,ctH,cbH

//Matrix:
-0.00114082, -0.000809639, -0.000460555, 7.65937e-6, 0.000684651, 0.00177701, 0.00365227, 0.00716067, 0.0143409, 0.0303945
 0.000274928, 0.000196034, 0.000112986, 1.46857e-6, -0.000159852, -0.000420308, -0.00086776, -0.00170537, -0.0034205, -0.00725678
 0.00132446, 0.000938568, 0.00053164, -0.0000139621, -0.000802729, -0.00207521, -0.00425918, -0.00834441, -0.0167038, -0.0353914
 -0.0000266921, -0.0000188672, -0.00001061, 4.54455e-7, 0.0000164461, 0.0000422366, 0.0000864838, 0.000169226, 0.00033849, 0.000716801
 -0.0000595838, -0.000032441, -2.6391e-6, 0.0000359625, 0.0000909388, 0.00017799, 0.000323885, 0.000591726, 0.00113032, 0.00231757
 0.0000223408, 0.0000163908, 0.0000101839, 1.78431e-6, -0.0000104063, -0.0000301666, -0.0000642818, -0.000128386, -0.0002601, -0.000555509
 0.000517414, 0.00036666, 0.00020769, -5.45441e-6, -0.000313593, -0.000810701, -0.00166389, -0.00325982, -0.00652548, -0.0138259
 -0.0326026, -0.0240042, -0.0150458, -0.00290976, 0.0147115, 0.0432902, 0.092663, 0.185484, 0.37629, 0.804389
 -0.0361579, -0.0250523, -0.0132725, 0.00244242, 0.0251128, 0.0615904, 0.123992, 0.240423, 0.478115, 1.0085
 -0.0720174, -0.053024, -0.0332355, -0.00642752, 0.032497, 0.0956259, 0.204688, 0.409724, 0.831206, 1.77685
 0.0144662, 0.00829653, 0.0015549, -0.00721314, -0.0197232, -0.0395775, -0.0729518, -0.134369, -0.258149, -0.531509
 0., 0., 0., 0., 0., 0., 0., 0., 0., 0.
 0., 0., 0., 0., 0., 0., 0., 0., 0., 0.
 0., 0., 0., 0., 0., 0., 0., 0., 0., 0.
 0., 0., 0., 0., 0., 0., 0., 0., 0., 0.
 0., 0., 0., 0., 0., 0., 0., 0., 0., 0.
 -0.00361279, -0.00422959, -0.00508136, -0.00599193, -0.00716678, -0.00878226, -0.0109558, -0.0141574, -0.0190919, -0.0272574
 0., 0., 0., 0., 0., 0., 0., 0., 0., 0.
 0., 0., 0., 0., 0., 0., 0., 0., 0., 0.
 0., 0., 0., 0., 0., 0., 0., 0., 0., 0.
 0., 0., 0., 0., 0., 0., 0., 0., 0., 0.
 0., 0., 0., 0., 0., 0., 0., 0., 0., 0.
 0., 0., 0., 0., 0., 0., 0., 0., 0., 0.
 0., 0., 0., 0., 0., 0., 0., 0., 0., 0.
 0., 0., 0., 0., 0., 0., 0., 0., 0., 0.
 0., 0., 0., 0., 0., 0., 0., 0., 0., 0.
 0., 0., 0., 0., 0., 0., 0., 0., 0., 0.
 -0.0000722494, -0.0000511987, -0.0000290009, 7.61629e-7, 0.0000437888, 0.000113203, 0.000232338, 0.000455186, 0.000911189, 0.00193059
 0., 0., 0., 0., 0., 0., 0., 0., 0., 0.
 0., 0., 0., 0., 0., 0., 0., 0., 0., 0.
 0., 0., 0., 0., 0., 0., 0., 0., 0., 0.
 0., 0., 0., 0., 0., 0., 0., 0., 0., 0.
 0., 0., 0., 0., 0., 0., 0., 0., 0., 0.
 0., 0., 0., 0., 0., 0., 0., 0., 0., 0.
 0., 0., 0., 0., 0., 0., 0., 0., 0., 0.
 0.0000873857, 0.0000619249, 0.0000350766, -9.21191e-7, -0.0000529626, -0.000136919, -0.000281013, -0.000550548, -0.00110208, -0.00233506
 0., 0., 0., 0., 0., 0., 0., 0., 0., 0.
 0., 0., 0., 0., 0., 0., 0., 0., 0., 0.