//This is the Matrix of Operator and Observable
//The horizontal axis order of the observables are listed as below
R_c_1,R_c_2,R_c_3,R_c_4,R_c_5,R_c_6,R_c_7,R_c_8
//The vertical axis order of the Operators are listed as below
cHQM,cHQP,cpt,cHtb,ctW,cbW,ctB,cpDC,cpl3,cpWB,cllp,cll,cpl,cle,cpe,cpq,cpq3,cpu,cpd,clq1,clq3,clu,cld,ceq,ceu,ced,cee,cpb,clQP,clt,clb,ceqt,cet,ceb,cWWW,cbB,ctH,cbH,chb

//Matrix
-0.000663124,-0.000653445,-0.000641559,-0.000637381,-0.000628595,-0.000625538
0.000101615,0.000103399,0.000105204,0.000106509,0.000107759,0.000108039
0,0,0,0,0,0
-5.97846e-06,-5.90092e-06,-5.8059e-06,-5.77417e-06,-5.70492e-06,-5.68055e-06
5.07196e-05,4.16461e-05,3.05963e-05,2.40373e-05,1.48151e-05,1.20038e-05
1.72265e-05,1.8029e-05,1.89174e-05,1.94013e-05,2.00427e-05,2.02277e-05
8.98386e-05,8.15481e-05,7.12582e-05,6.55286e-05,5.68854e-05,5.41577e-05
-0.00839319,-0.00825475,-0.00813949,-0.00807879,-0.00801215,-0.00798189
-0.0214144,-0.0211097,-0.020897,-0.0206738,-0.0204788,-0.0203896
-0.0202999,-0.0202549,-0.0199899,-0.0199027,-0.0197959,-0.0198477
0.0167577,0.0165155,0.0162935,0.0161503,0.0159724,0.015956
0,0,0,0,0,0
0.0121084,0.011939,0.0117308,0.0116323,0.0115171,0.0114893
0,0,0,0,0,0
-0.00362984,-0.00347811,-0.00332587,-0.00324567,-0.00314669,-0.00311986
-0.0101752,-0.00997068,-0.00976504,-0.00965226,-0.00951222,-0.00948086
0.0101823,0.00996909,0.00976106,0.00964329,0.00952098,0.00949103
0.00366802,0.003575,0.00348341,0.00343296,0.00338064,0.00336747
0,0,0,0,0,0
-0.0602705,-0.0647686,-0.0702319,-0.0735164,-0.0780064,-0.079323
0.0602577,0.0647632,0.070204,0.0734913,0.0779553,0.0793076
-0.0160093,-0.0176978,-0.0197202,-0.0209071,-0.0225644,-0.0230666
0,0,0,0,0,0
-0.00306543,-0.00390841,-0.00492699,-0.00553063,-0.0063686,-0.00661622
-0.0419207,-0.0452389,-0.049255,-0.0516686,-0.0549656,-0.0559333
0,0,0,0,0,0
0,0,0,0,0,0
0,0,0,0,0,0
0,0,0,0,0,0
0,0,0,0,0,0
0,0,0,0,0,0
0,0,0,0,0,0
0,0,0,0,0,0
0,0,0,0,0,0
0,0,0,0,0,0
3.87926e-06,2.7227e-06,1.38372e-06,7.75289e-07,-2.03656e-07,-5.13698e-07
0,0,0,0,0,0
0,0,0,0,0,0
-2.24684e-05,-2.20883e-05,-2.16417e-05,-2.14467e-05,-2.11208e-05,-2.10143e-05