//This is the Matrix of Operator and Observable
//The horizontal axis order of the observables are listed as below
sigma_WW@189.1,sigma_1@189.1,sigma_2@189.1,sigma_3@189.1,sigma_4@189.1,sigma_5@189.1,sigma_6@189.1,sigma_7@189.1,sigma_8@189.1,sigma_9@189.1,sigma_10@189.1
//different energy is seperated to different matrix
//The vertical axis order of the Operators are listed as below
cHQM,cHQP,cpt,cHtb,ctW,cbW,ctB,cpDC,cpl3,cpWB,cllp,cll,cpl,cle,cpe,cpq,cpq3,cpu,cpd,clq1,clq3,clu,cld,ceq,ceu,ced,cee,cpb,clQP,clt,clb,ceqt,cet,ceb,cWWW,cbB,ctH,cbH

//ecm=189.1 Matrix:
0., 0., 0., 0., 0., 0., 0., 0., 0., 0.
0., 0., 0., 0., 0., 0., 0., 0., 0., 0.
0., 0., 0., 0., 0., 0., 0., 0., 0., 0.
0., 0., 0., 0., 0., 0., 0., 0., 0., 0.
0., 0., 0., 0., 0., 0., 0., 0., 0., 0.
0., 0., 0., 0., 0., 0., 0., 0., 0., 0.
0., 0., 0., 0., 0., 0., 0., 0., 0., 0.
0.171959, 0.0617131, 0.0232952, 0.00783503, 0.000807293, -0.00263603, -0.00444208, -0.00550609, -0.00628282, -0.0070216
0.209766, 0.0752816, 0.028417, 0.00955768, 0.000984788, -0.0032156, -0.00541874, -0.00671668, -0.00766418, -0.0085654
0.379848, 0.136321, 0.051458, 0.0173072, 0.00178327, -0.00582285, -0.00981234, -0.0121627, -0.0138784, -0.0155104
-0.104883, -0.0376408, -0.0142085, -0.00477884, -0.000492394, 0.0016078, 0.00270937, 0.00335834, 0.00383209, 0.0042827
0., 0., 0., 0., 0., 0., 0., 0., 0., 0.
0., 0., 0., 0., 0., 0., 0., 0., 0., 0.
0., 0., 0., 0., 0., 0., 0., 0., 0., 0.
0., 0., 0., 0., 0., 0., 0., 0., 0., 0.
0., 0., 0., 0., 0., 0., 0., 0., 0., 0.
0., 0., 0., 0., 0., 0., 0., 0., 0., 0.
0., 0., 0., 0., 0., 0., 0., 0., 0., 0.
0., 0., 0., 0., 0., 0., 0., 0., 0., 0.
0., 0., 0., 0., 0., 0., 0., 0., 0., 0.
0., 0., 0., 0., 0., 0., 0., 0., 0., 0.
0., 0., 0., 0., 0., 0., 0., 0., 0., 0.
0., 0., 0., 0., 0., 0., 0., 0., 0., 0.
0., 0., 0., 0., 0., 0., 0., 0., 0., 0.
0., 0., 0., 0., 0., 0., 0., 0., 0., 0.
0., 0., 0., 0., 0., 0., 0., 0., 0., 0.
0., 0., 0., 0., 0., 0., 0., 0., 0., 0.
0., 0., 0., 0., 0., 0., 0., 0., 0., 0.
0., 0., 0., 0., 0., 0., 0., 0., 0., 0.
0., 0., 0., 0., 0., 0., 0., 0., 0., 0.
0., 0., 0., 0., 0., 0., 0., 0., 0., 0.
0., 0., 0., 0., 0., 0., 0., 0., 0., 0.
0., 0., 0., 0., 0., 0., 0., 0., 0., 0.
0., 0., 0., 0., 0., 0., 0., 0., 0., 0.
0., 0., 0., 0., 0., 0., 0., 0., 0., 0.
0., 0., 0., 0., 0., 0., 0., 0., 0., 0.
0., 0., 0., 0., 0., 0., 0., 0., 0., 0.
0., 0., 0., 0., 0., 0., 0., 0., 0., 0.
