//This is the Matrix of Operator and Observable
//The horizontal axis order of the observables are listed as below
diffxsec_m_5_1,diffxsec_m_5_2,diffxsec_m_5_3,diffxsec_m_5_4,diffxsec_m_5_5,diffxsec_m_5_6,diffxsec_m_5_7,diffxsec_m_5_8,diffxsec_m_5_9,diffxsec_m_5_10,diffxsec_m_6_1,diffxsec_m_6_2,diffxsec_m_6_3,diffxsec_m_6_4,diffxsec_m_6_5,diffxsec_m_6_6,diffxsec_m_6_7,diffxsec_m_6_8,diffxsec_m_6_9,diffxsec_m_6_10,diffxsec_m_7_1,diffxsec_m_7_2,diffxsec_m_7_3,diffxsec_m_7_4,diffxsec_m_7_5,diffxsec_m_7_6,diffxsec_m_7_7,diffxsec_m_7_8,diffxsec_m_7_9,diffxsec_m_7_10,diffxsec_m_8_1,diffxsec_m_8_2,diffxsec_m_8_3,diffxsec_m_8_4,diffxsec_m_8_5,diffxsec_m_8_6,diffxsec_m_8_7,diffxsec_m_8_8,diffxsec_m_8_9,diffxsec_m_8_10,diffxsec_m_9_1,diffxsec_m_9_2,diffxsec_m_9_3,diffxsec_m_9_4,diffxsec_m_9_5,diffxsec_m_9_6,diffxsec_m_9_7,diffxsec_m_9_8,diffxsec_m_9_9,diffxsec_m_9_10,diffxsec_m_10_1,diffxsec_m_10_2,diffxsec_m_10_3,diffxsec_m_10_4,diffxsec_m_10_5,diffxsec_m_10_6,diffxsec_m_10_7,diffxsec_m_10_8,diffxsec_m_10_9,diffxsec_m_10_10,diffxsec_m_11_1,diffxsec_m_11_2,diffxsec_m_11_3,diffxsec_m_11_4,diffxsec_m_11_5,diffxsec_m_11_6,diffxsec_m_11_7,diffxsec_m_11_8,diffxsec_m_11_9,diffxsec_m_11_10,diffxsec_m_12_1,diffxsec_m_12_2,diffxsec_m_12_3,diffxsec_m_12_4,diffxsec_m_12_5,diffxsec_m_12_6,diffxsec_m_12_7,diffxsec_m_12_8,diffxsec_m_12_9,diffxsec_m_12_10
//different energy is seperated to different matrix
//The vertical axis order of the Operators are listed as below
cHQM,cHQP,cpt,cHtb,ctW,cbW,ctB,cpDC,cpl3,cpWB,cllp,cll,cpl,cle,cpe,cpq,cpq3,cpu,cpd,clq1,clq3,clu,cld,ceq,ceu,ced,cee,cpb,clQP,clt,clb,ceqt,cet,ceb,cWWW,cbB,ctH,cbH,chb

//Matrix:
-0.000880845,-0.000712132,-0.000535207,-0.000386394,-0.000248547,-0.000126874,-1.99289e-05,7.29254e-05,0.000149974,0.000207814,-0.000795952,-0.000641944,-0.000492571,-0.000355011,-0.000224998,-0.000114786,-1.48534e-05,6.89146e-05,0.000142394,0.000200266,-0.000761072,-0.000614167,-0.000468095,-0.000334331,-0.000221783,-0.000106813,-1.43924e-05,6.71266e-05,0.000135276,0.000191767,-0.000725161,-0.000582717,-0.000436555,-0.000316413,-0.00020355,-0.000101516,-1.23395e-05,6.66067e-05,0.000133332,0.000181287,-0.000691493,-0.000544847,-0.000415768,-0.000299998,-0.00018971,-9.70256e-05,-1.019e-05,6.17147e-05,0.000125235,0.000174578,-0.000661159,-0.00052711,-0.000408458,-0.000291587,-0.00018927,-9.13734e-05,-1.01952e-05,5.97449e-05,0.000124289,0.000175121,-0.000633039,-0.000515776,-0.000387724,-0.000278666,-0.000176433,-8.69757e-05,-8.80395e-06,5.93165e-05,0.000118284,0.000161995,-0.000622935,-0.000495443,-0.000382861,-0.000276609,-0.000173487,-8.62655e-05,-8.1697e-06,5.82381e-05,0.000112868,0.000159493,
0.000117287,9.49846e-05,7.17395e-05,5.2396e-05,3.46683e-05,1.92264e-05,5.96456e-06,-5.31575e-06,-1.43303e-05,-2.07979e-05,0.000111083,8.97263e-05,6.91489e-05,5.03572e-05,3.27354e-05,1.80286e-05,4.86428e-06,-5.9118e-06,-1.50193e-05,-2.19236e-05,0.000108642,8.77983e-05,6.71945e-05,4.84657e-05,3.29306e-05,1.70611e-05,4.67227e-06,-6.17115e-06,-1.49307e-05,-2.18748e-05,0.000106477,8.56753e-05,6.44321e-05,4.71263e-05,3.09976e-05,1.65645e-05,4.10829e-06,-6.63832e-06,-1.55286e-05,-2.17408e-05,0.000104384,8.23474e-05,6.3061e-05,4.58869e-05,2.96199e-05,1.6153e-05,3.60615e-06,-6.59609e-06,-1.53497e-05,-2.19545e-05,0.000101285,8.08446e-05,6.28573e-05,4.52355e-05,2.99475e-05,1.53825e-05,3.49679e-06,-6.62004e-06,-1.56431e-05,-2.25731e-05,9.90195e-05,8.07655e-05,6.0907e-05,4.41056e-05,2.84476e-05,1.48673e-05,3.1968e-06,-6.92357e-06,-1.5442e-05,-2.16135e-05,9.84352e-05,7.83721e-05,6.07499e-05,4.4209e-05,2.8233e-05,1.48747e-05,3.00153e-06,-6.95899e-06,-1.49976e-05,-2.1633e-05,
0,0,0,0,0,0,0,0,0,0,0,0,0,0,0,0,0,0,0,0,0,0,0,0,0,0,0,0,0,0,0,0,0,0,0,0,0,0,0,0,0,0,0,0,0,0,0,0,0,0,0,0,0,0,0,0,0,0,0,0,0,0,0,0,0,0,0,0,0,0,0,0,0,0,0,0,0,0,0,0,
-1.53562e-05,-1.2419e-05,-9.34249e-06,-6.76005e-06,-4.37274e-06,-2.27071e-06,-4.30981e-07,1.16045e-06,2.47225e-06,3.44947e-06,-1.38938e-05,-1.12093e-05,-8.60936e-06,-6.21942e-06,-3.96444e-06,-2.0593e-06,-3.36569e-07,1.10033e-06,2.35119e-06,3.32892e-06,-1.3294e-05,-1.07316e-05,-8.18729e-06,-5.8614e-06,-3.9109e-06,-1.91841e-06,-3.27409e-07,1.07348e-06,2.23576e-06,3.18999e-06,-1.26783e-05,-1.01914e-05,-7.64273e-06,-5.55258e-06,-3.59305e-06,-1.82611e-06,-2.86702e-07,1.06743e-06,2.20598e-06,3.01878e-06,-1.21015e-05,-9.53843e-06,-7.28603e-06,-5.26995e-06,-3.35242e-06,-1.74768e-06,-2.4652e-07,9.90348e-07,2.07445e-06,2.91016e-06,-1.15771e-05,-9.23307e-06,-7.16192e-06,-5.12512e-06,-3.34674e-06,-1.64732e-06,-2.44686e-07,9.5955e-07,2.06017e-06,2.92093e-06,-1.10939e-05,-9.04204e-06,-6.80414e-06,-4.90221e-06,-3.12262e-06,-1.56979e-06,-2.19947e-07,9.54546e-07,1.96249e-06,2.70449e-06,-1.09214e-05,-8.68929e-06,-6.7217e-06,-4.8681e-06,-3.07198e-06,-1.55853e-06,-2.06666e-07,9.3784e-07,1.8736e-06,2.66388e-06,
-0.000172977,-0.000141568,-0.000110146,-8.59284e-05,-6.55149e-05,-4.96834e-05,-3.90673e-05,-3.23371e-05,-3.04217e-05,-3.21647e-05,-0.00018527,-0.000151343,-0.000120348,-9.40232e-05,-7.10933e-05,-5.48958e-05,-4.26071e-05,-3.59354e-05,-3.49229e-05,-3.78945e-05,-0.000191792,-0.0001568,-0.000123963,-9.61154e-05,-7.62615e-05,-5.59804e-05,-4.55763e-05,-3.77464e-05,-3.60962e-05,-3.98065e-05,-0.000201432,-0.000164013,-0.000127543,-0.000100514,-7.75566e-05,-5.96061e-05,-4.6913e-05,-4.09895e-05,-3.96324e-05,-4.20131e-05,-0.000211017,-0.000168512,-0.000133557,-0.000104973,-7.98387e-05,-6.32669e-05,-4.93076e-05,-4.19323e-05,-4.12042e-05,-4.49937e-05,-0.000211997,-0.000171327,-0.000137907,-0.000107323,-8.39455e-05,-6.31093e-05,-5.05165e-05,-4.26816e-05,-4.31018e-05,-4.77313e-05,-0.000217592,-0.000179731,-0.000140469,-0.000110117,-8.42196e-05,-6.49138e-05,-5.34959e-05,-4.49192e-05,-4.4212e-05,-4.76495e-05,-0.000221463,-0.00017859,-0.000143521,-0.000113098,-8.58649e-05,-6.73894e-05,-5.34316e-05,-4.55707e-05,-4.36925e-05,-4.87443e-05,
0.000100956,8.25959e-05,6.42016e-05,4.99837e-05,3.79586e-05,2.85842e-05,2.22149e-05,1.80951e-05,1.67568e-05,1.75555e-05,9.47648e-05,7.73709e-05,6.14377e-05,4.78528e-05,3.59698e-05,2.74858e-05,2.09692e-05,1.72866e-05,1.643e-05,1.76038e-05,9.2278e-05,7.53968e-05,5.95092e-05,4.59802e-05,3.62382e-05,2.62865e-05,2.09935e-05,1.6943e-05,1.5803e-05,1.71883e-05,8.99347e-05,7.31781e-05,5.67988e-05,4.45833e-05,3.41382e-05,2.58818e-05,1.99336e-05,1.69163e-05,1.59107e-05,1.66082e-05,8.7675e-05,6.99613e-05,5.53325e-05,4.32958e-05,3.265e-05,2.5486e-05,1.93878e-05,1.5977e-05,1.52307e-05,1.63569e-05,8.48147e-05,6.84886e-05,5.50074e-05,4.26067e-05,3.30283e-05,2.44399e-05,1.90804e-05,1.55969e-05,1.52601e-05,1.66117e-05,8.25575e-05,6.8134e-05,5.31236e-05,4.14367e-05,3.13893e-05,2.37902e-05,1.90878e-05,1.54782e-05,1.47411e-05,1.5603e-05,8.18929e-05,6.59804e-05,5.28939e-05,4.14683e-05,3.11723e-05,2.40405e-05,1.85487e-05,1.5265e-05,1.41506e-05,1.5501e-05,
-0.000199017,-0.000164945,-0.00013278,-0.000110922,-9.5422e-05,-8.68805e-05,-8.71266e-05,-9.31862e-05,-0.000106838,-0.000124563,-0.000215192,-0.000177862,-0.000145941,-0.00012152,-0.000102813,-9.42205e-05,-9.18073e-05,-9.7923e-05,-0.00011414,-0.000135365,-0.000223644,-0.000184935,-0.000150749,-0.000124331,-0.000109967,-9.52952e-05,-9.64722e-05,-0.000100472,-0.000114582,-0.000137443,-0.000235916,-0.000194196,-0.000155527,-0.000130084,-0.000111417,-0.000100572,-9.75355e-05,-0.000106275,-0.000121509,-0.000139676,-0.000248097,-0.000200219,-0.00016326,-0.000135947,-0.000114346,-0.000105791,-0.000101079,-0.000106001,-0.000122552,-0.000144594,-0.000249717,-0.000203917,-0.000168762,-0.000139011,-0.00012006,-0.000105126,-0.000102528,-0.000106586,-0.000126309,-0.000150819,-0.000256945,-0.000214392,-0.000172216,-0.00014266,-0.000120221,-0.000107505,-0.000107634,-0.000110579,-0.000126977,-0.000147301,-0.000261813,-0.000213255,-0.000176095,-0.000146506,-0.00012249,-0.00011152,-0.000106995,-0.000111363,-0.00012436,-0.000149093,
-0.0209783,-0.0166656,-0.0132824,-0.00943349,-0.00607767,-0.00317189,-0.000585068,0.00154583,0.00337539,0.00477056,-0.0197055,-0.0158132,-0.0116575,-0.00850486,-0.00554392,-0.00284271,-0.000589321,0.00159421,0.00333531,0.00450678,-0.0185675,-0.0150981,-0.0113094,-0.00813873,-0.00528734,-0.00262651,-0.000460068,0.0014729,0.00316382,0.00451999,-0.018,-0.014481,-0.0108627,-0.00789471,-0.00495106,-0.00250154,-0.000329962,0.00133935,0.00300379,0.00422449,-0.0166816,-0.0131363,-0.00990542,-0.0072538,-0.00466844,-0.00248059,-0.000223407,0.00147141,0.00305529,0.00413997,-0.0165532,-0.0130466,-0.00975093,-0.00714789,-0.00451343,-0.0021707,-0.000281248,0.00149301,0.00277059,0.0040751,-0.015759,-0.0128031,-0.00961453,-0.00670317,-0.00445537,-0.00213289,-0.000209698,0.00129984,0.00268586,0.00385357,-0.0150066,-0.0126784,-0.00912701,-0.00663552,-0.00436644,-0.00220856,-0.000106979,0.00129501,0.00273219,0.00388222,
-0.0127097,-0.00914959,-0.00859777,-0.00626587,-0.0046638,-0.00409862,-0.00281252,-0.00276802,-0.00238085,-0.00284812,-0.0110893,-0.00842768,-0.00715987,-0.00600584,-0.00422603,-0.00312889,-0.00295009,-0.00280381,-0.00246247,-0.00253155,-0.0107065,-0.00781383,-0.00717923,-0.00552847,-0.00376481,-0.00325479,-0.00270194,-0.00230093,-0.00225032,-0.00256568,-0.00922102,-0.0081375,-0.00680704,-0.00477267,-0.00452574,-0.00318055,-0.00215599,-0.00218916,-0.00219653,-0.00249137,-0.00992044,-0.00779762,-0.00619766,-0.00500902,-0.00330101,-0.00275723,-0.00267008,-0.00216465,-0.00213676,-0.00225179,-0.00921519,-0.00784206,-0.00598411,-0.00411937,-0.00378372,-0.00253604,-0.0025869,-0.00207494,-0.00195628,-0.00228176,-0.00787124,-0.00773485,-0.00533841,-0.00484484,-0.00340957,-0.00258153,-0.00245489,-0.00213017,-0.00186715,-0.00229253,-0.00983337,-0.00746891,-0.00518718,-0.00454435,-0.00307412,-0.00261905,-0.00238992,-0.00200486,-0.00196667,-0.00218625,
-0.0219517,-0.0185881,-0.0156832,-0.0127461,-0.0088032,-0.00704095,-0.00473152,-0.00466714,-0.004643,-0.00486831,-0.0220293,-0.017404,-0.012786,-0.0115928,-0.00864674,-0.00661395,-0.00472846,-0.00398457,-0.00443385,-0.00482421,-0.0184814,-0.0173404,-0.011896,-0.0102126,-0.00862088,-0.00619802,-0.00547257,-0.00428227,-0.00397941,-0.00457104,-0.0178329,-0.0157239,-0.0117729,-0.00814228,-0.00670737,-0.00610004,-0.00462508,-0.00419127,-0.00380418,-0.00428471,-0.0183753,-0.0136251,-0.0120838,-0.00956348,-0.00685362,-0.00519233,-0.00466804,-0.00398584,-0.00344892,-0.00396689,-0.0164826,-0.0141271,-0.0118022,-0.00912156,-0.00598084,-0.0056496,-0.00401177,-0.00390135,-0.00350876,-0.00410378,-0.0156392,-0.012913,-0.0103162,-0.00867931,-0.00645354,-0.00445742,-0.0045163,-0.00343286,-0.00362717,-0.00367428,-0.0162788,-0.0132273,-0.00924697,-0.00875088,-0.00631655,-0.00377839,-0.00389953,-0.00365149,-0.00343805,-0.00402644,
0.456477,0.37188,0.290697,0.215045,0.154002,0.101342,0.0574526,0.0252628,0.00368659,-0.0074896,0.46052,0.362547,0.283429,0.21463,0.152432,0.102203,0.0562229,0.0255128,0.00421103,-0.00726497,0.449855,0.364226,0.284136,0.21383,0.148255,0.100671,0.0569173,0.0277357,0.00411247,-0.00737991,0.442952,0.356289,0.28369,0.211572,0.152685,0.0988745,0.0550147,0.0260157,0.00529949,-0.00726364,0.444276,0.359385,0.279217,0.211696,0.14736,0.0984535,0.0566853,0.0260822,0.00488698,-0.00633294,0.441409,0.355638,0.282891,0.20949,0.146439,0.100816,0.0566292,0.0245763,0.00554832,-0.00638511,0.445314,0.349003,0.274833,0.208757,0.145655,0.0949402,0.0575663,0.0265205,0.00488583,-0.00575122,0.440597,0.354383,0.274259,0.209212,0.147543,0.0961516,0.0569794,0.0246354,0.00580395,-0.00522895,
0.417544,0.338118,0.263199,0.197016,0.140266,0.093939,0.0580052,0.0286386,0.0105013,0.0016418,0.41629,0.335331,0.256372,0.19568,0.142036,0.0960242,0.0567374,0.0289458,0.00969475,0.0017389,0.412568,0.334949,0.25914,0.194777,0.140893,0.0938673,0.0561086,0.0291053,0.0114304,0.00144222,0.416642,0.330661,0.25996,0.195906,0.137368,0.0915278,0.056842,0.0276723,0.0100696,0.00135993,0.413901,0.327807,0.258527,0.19334,0.139656,0.0925157,0.0551138,0.0289264,0.0102863,0.00156729,0.408032,0.329215,0.256824,0.195265,0.139647,0.0923838,0.0572138,0.0290779,0.0102699,0.00129134,0.405729,0.329283,0.260051,0.192894,0.139465,0.0916132,0.0555195,0.0293205,0.010122,0.00127283,0.407426,0.325793,0.259183,0.195981,0.138187,0.0922052,0.0557048,0.0284734,0.0101474,0.00143881,
0.0732267,0.0586186,0.0445875,0.0314812,0.0204785,0.00874118,-0.000494581,-0.00887379,-0.0163713,-0.0226719,0.0673778,0.0538957,0.0405781,0.0289623,0.0180245,0.00835393,-0.000780095,-0.00871929,-0.0156546,-0.0209572,0.0647715,0.0515323,0.0384858,0.0274542,0.0175533,0.00762705,-0.000953776,-0.00840397,-0.0147204,-0.0207999,0.061089,0.0491139,0.0368242,0.025907,0.015727,0.00733907,-0.000863067,-0.00835497,-0.0145043,-0.0197786,0.0574419,0.0466336,0.0347895,0.0239614,0.0151025,0.00661642,-0.00110131,-0.00774049,-0.0140837,-0.0191207,0.0553967,0.0449039,0.0336676,0.0240234,0.0146971,0.00643499,-0.000738033,-0.00785024,-0.0138153,-0.0187549,0.0532651,0.0433372,0.032463,0.023407,0.0137156,0.00619596,-0.000962221,-0.00747449,-0.0135801,-0.0180005,0.0522301,0.0416673,0.0318133,0.0219749,0.0141844,0.00568262,-0.00127149,-0.00742049,-0.012556,-0.0175663,
0.000435898,0.0038141,0.010418,0.020084,0.0333789,0.0505205,0.0683378,0.0908356,0.118755,0.148292,0.000543568,0.00375505,0.0108103,0.021299,0.0338399,0.0513006,0.0708025,0.0925507,0.117843,0.151916,0.000502967,0.00396785,0.0105399,0.0200348,0.0336876,0.0507326,0.0714716,0.0941107,0.121332,0.152472,0.000507574,0.00371657,0.0107718,0.0206244,0.034656,0.0520376,0.0715284,0.0953167,0.12197,0.152842,0.000500456,0.00375342,0.0107086,0.0206211,0.0343097,0.0532189,0.0718666,0.0963947,0.123817,0.153509,0.000496986,0.00375881,0.0101968,0.0208563,0.0348233,0.0517665,0.0723885,0.0960496,0.125143,0.155768,0.000563276,0.00394868,0.0106333,0.0210424,0.0346012,0.0523961,0.0728062,0.0974927,0.124564,0.156723,0.000490348,0.00358242,0.010678,0.0212407,0.0360088,0.0533556,0.0738464,0.0969101,0.124346,0.156421,
-0.0590455,-0.0480897,-0.0351562,-0.0240449,-0.0141082,-0.00450802,0.00389848,0.0123336,0.0200448,0.0259624,-0.0537764,-0.0431861,-0.0324729,-0.022222,-0.0132671,-0.00423318,0.00392893,0.0114855,0.0177548,0.0243693,-0.0524037,-0.0407497,-0.0314051,-0.0212767,-0.0122019,-0.0037957,0.00375075,0.0113618,0.0175204,0.0237238,-0.0488282,-0.0392535,-0.0291027,-0.0204162,-0.012031,-0.00390455,0.00384054,0.0107348,0.0169784,0.0225285,-0.0465499,-0.0372278,-0.0278321,-0.0190753,-0.0107774,-0.00343274,0.00382064,0.0106303,0.0162028,0.0219985,-0.0452743,-0.0357956,-0.0267412,-0.0185084,-0.0107246,-0.0030025,0.00374264,0.0102731,0.015797,0.0210718,-0.0433972,-0.0343482,-0.0257973,-0.0177398,-0.0104247,-0.00295545,0.00353183,0.0100381,0.0153679,0.020477,-0.0424439,-0.0332971,-0.0259293,-0.0174298,-0.010055,-0.0027897,0.00361171,0.00948218,0.0153224,0.0201683,
0,0,0,0,0,0,0,0,0,0,0,0,0,0,0,0,0,0,0,0,0,0,0,0,0,0,0,0,0,0,0,0,0,0,0,0,0,0,0,0,0,0,0,0,0,0,0,0,0,0,0,0,0,0,0,0,0,0,0,0,0,0,0,0,0,0,0,0,0,0,0,0,0,0,0,0,0,0,0,0,
0,0,0,0,0,0,0,0,0,0,0,0,0,0,0,0,0,0,0,0,0,0,0,0,0,0,0,0,0,0,0,0,0,0,0,0,0,0,0,0,0,0,0,0,0,0,0,0,0,0,0,0,0,0,0,0,0,0,0,0,0,0,0,0,0,0,0,0,0,0,0,0,0,0,0,0,0,0,0,0,
0,0,0,0,0,0,0,0,0,0,0,0,0,0,0,0,0,0,0,0,0,0,0,0,0,0,0,0,0,0,0,0,0,0,0,0,0,0,0,0,0,0,0,0,0,0,0,0,0,0,0,0,0,0,0,0,0,0,0,0,0,0,0,0,0,0,0,0,0,0,0,0,0,0,0,0,0,0,0,0,
0,0,0,0,0,0,0,0,0,0,0,0,0,0,0,0,0,0,0,0,0,0,0,0,0,0,0,0,0,0,0,0,0,0,0,0,0,0,0,0,0,0,0,0,0,0,0,0,0,0,0,0,0,0,0,0,0,0,0,0,0,0,0,0,0,0,0,0,0,0,0,0,0,0,0,0,0,0,0,0,
0,0,0,0,0,0,0,0,0,0,0,0,0,0,0,0,0,0,0,0,0,0,0,0,0,0,0,0,0,0,0,0,0,0,0,0,0,0,0,0,0,0,0,0,0,0,0,0,0,0,0,0,0,0,0,0,0,0,0,0,0,0,0,0,0,0,0,0,0,0,0,0,0,0,0,0,0,0,0,0,
0,0,0,0,0,0,0,0,0,0,0,0,0,0,0,0,0,0,0,0,0,0,0,0,0,0,0,0,0,0,0,0,0,0,0,0,0,0,0,0,0,0,0,0,0,0,0,0,0,0,0,0,0,0,0,0,0,0,0,0,0,0,0,0,0,0,0,0,0,0,0,0,0,0,0,0,0,0,0,0,
0,0,0,0,0,0,0,0,0,0,0,0,0,0,0,0,0,0,0,0,0,0,0,0,0,0,0,0,0,0,0,0,0,0,0,0,0,0,0,0,0,0,0,0,0,0,0,0,0,0,0,0,0,0,0,0,0,0,0,0,0,0,0,0,0,0,0,0,0,0,0,0,0,0,0,0,0,0,0,0,
0,0,0,0,0,0,0,0,0,0,0,0,0,0,0,0,0,0,0,0,0,0,0,0,0,0,0,0,0,0,0,0,0,0,0,0,0,0,0,0,0,0,0,0,0,0,0,0,0,0,0,0,0,0,0,0,0,0,0,0,0,0,0,0,0,0,0,0,0,0,0,0,0,0,0,0,0,0,0,0,
0,0,0,0,0,0,0,0,0,0,0,0,0,0,0,0,0,0,0,0,0,0,0,0,0,0,0,0,0,0,0,0,0,0,0,0,0,0,0,0,0,0,0,0,0,0,0,0,0,0,0,0,0,0,0,0,0,0,0,0,0,0,0,0,0,0,0,0,0,0,0,0,0,0,0,0,0,0,0,0,
0,0,0,0,0,0,0,0,0,0,0,0,0,0,0,0,0,0,0,0,0,0,0,0,0,0,0,0,0,0,0,0,0,0,0,0,0,0,0,0,0,0,0,0,0,0,0,0,0,0,0,0,0,0,0,0,0,0,0,0,0,0,0,0,0,0,0,0,0,0,0,0,0,0,0,0,0,0,0,0,
0,0,0,0,0,0,0,0,0,0,0,0,0,0,0,0,0,0,0,0,0,0,0,0,0,0,0,0,0,0,0,0,0,0,0,0,0,0,0,0,0,0,0,0,0,0,0,0,0,0,0,0,0,0,0,0,0,0,0,0,0,0,0,0,0,0,0,0,0,0,0,0,0,0,0,0,0,0,0,0,
0.386798,0.308208,0.244148,0.181145,0.127034,0.0873966,0.054068,0.026563,0.0105196,0.00147017,0.383276,0.305946,0.24088,0.182266,0.129706,0.0857096,0.0532123,0.0259468,0.00955638,0.00136115,0.386916,0.304549,0.240141,0.177345,0.128505,0.0867071,0.0520921,0.0258764,0.0105344,0.00134331,0.380135,0.305931,0.238881,0.181877,0.127638,0.0852802,0.0527569,0.027091,0.00991926,0.00148154,0.379886,0.306133,0.236485,0.178154,0.128498,0.0849017,0.053705,0.0265573,0.00989747,0.00167301,0.382247,0.304672,0.236716,0.178758,0.127823,0.0864933,0.0506826,0.0261067,0.00956356,0.00127795,0.377152,0.305814,0.238695,0.178359,0.126768,0.086124,0.0513941,0.0261666,0.00975465,0.00130342,0.375019,0.300941,0.240951,0.177982,0.129884,0.0834649,0.0531344,0.0259237,0.0102827,0.00142699,
0,0,0,0,0,0,0,0,0,0,0,0,0,0,0,0,0,0,0,0,0,0,0,0,0,0,0,0,0,0,0,0,0,0,0,0,0,0,0,0,0,0,0,0,0,0,0,0,0,0,0,0,0,0,0,0,0,0,0,0,0,0,0,0,0,0,0,0,0,0,0,0,0,0,0,0,0,0,0,0,
0,0,0,0,0,0,0,0,0,0,0,0,0,0,0,0,0,0,0,0,0,0,0,0,0,0,0,0,0,0,0,0,0,0,0,0,0,0,0,0,0,0,0,0,0,0,0,0,0,0,0,0,0,0,0,0,0,0,0,0,0,0,0,0,0,0,0,0,0,0,0,0,0,0,0,0,0,0,0,0,
0,0,0,0,0,0,0,0,0,0,0,0,0,0,0,0,0,0,0,0,0,0,0,0,0,0,0,0,0,0,0,0,0,0,0,0,0,0,0,0,0,0,0,0,0,0,0,0,0,0,0,0,0,0,0,0,0,0,0,0,0,0,0,0,0,0,0,0,0,0,0,0,0,0,0,0,0,0,0,0,
0,0,0,0,0,0,0,0,0,0,0,0,0,0,0,0,0,0,0,0,0,0,0,0,0,0,0,0,0,0,0,0,0,0,0,0,0,0,0,0,0,0,0,0,0,0,0,0,0,0,0,0,0,0,0,0,0,0,0,0,0,0,0,0,0,0,0,0,0,0,0,0,0,0,0,0,0,0,0,0,
0,0,0,0,0,0,0,0,0,0,0,0,0,0,0,0,0,0,0,0,0,0,0,0,0,0,0,0,0,0,0,0,0,0,0,0,0,0,0,0,0,0,0,0,0,0,0,0,0,0,0,0,0,0,0,0,0,0,0,0,0,0,0,0,0,0,0,0,0,0,0,0,0,0,0,0,0,0,0,0,
0,0,0,0,0,0,0,0,0,0,0,0,0,0,0,0,0,0,0,0,0,0,0,0,0,0,0,0,0,0,0,0,0,0,0,0,0,0,0,0,0,0,0,0,0,0,0,0,0,0,0,0,0,0,0,0,0,0,0,0,0,0,0,0,0,0,0,0,0,0,0,0,0,0,0,0,0,0,0,0,
0,0,0,0,0,0,0,0,0,0,0,0,0,0,0,0,0,0,0,0,0,0,0,0,0,0,0,0,0,0,0,0,0,0,0,0,0,0,0,0,0,0,0,0,0,0,0,0,0,0,0,0,0,0,0,0,0,0,0,0,0,0,0,0,0,0,0,0,0,0,0,0,0,0,0,0,0,0,0,0,
0,0,0,0,0,0,0,0,0,0,0,0,0,0,0,0,0,0,0,0,0,0,0,0,0,0,0,0,0,0,0,0,0,0,0,0,0,0,0,0,0,0,0,0,0,0,0,0,0,0,0,0,0,0,0,0,0,0,0,0,0,0,0,0,0,0,0,0,0,0,0,0,0,0,0,0,0,0,0,0,
0,0,0,0,0,0,0,0,0,0,0,0,0,0,0,0,0,0,0,0,0,0,0,0,0,0,0,0,0,0,0,0,0,0,0,0,0,0,0,0,0,0,0,0,0,0,0,0,0,0,0,0,0,0,0,0,0,0,0,0,0,0,0,0,0,0,0,0,0,0,0,0,0,0,0,0,0,0,0,0,
0,0,0,0,0,0,0,0,0,0,0,0,0,0,0,0,0,0,0,0,0,0,0,0,0,0,0,0,0,0,0,0,0,0,0,0,0,0,0,0,0,0,0,0,0,0,0,0,0,0,0,0,0,0,0,0,0,0,0,0,0,0,0,0,0,0,0,0,0,0,0,0,0,0,0,0,0,0,0,0,
0,0,0,0,0,0,0,0,0,0,0,0,0,0,0,0,0,0,0,0,0,0,0,0,0,0,0,0,0,0,0,0,0,0,0,0,0,0,0,0,0,0,0,0,0,0,0,0,0,0,0,0,0,0,0,0,0,0,0,0,0,0,0,0,0,0,0,0,0,0,0,0,0,0,0,0,0,0,0,0,
0,0,0,0,0,0,0,0,0,0,0,0,0,0,0,0,0,0,0,0,0,0,0,0,0,0,0,0,0,0,0,0,0,0,0,0,0,0,0,0,0,0,0,0,0,0,0,0,0,0,0,0,0,0,0,0,0,0,0,0,0,0,0,0,0,0,0,0,0,0,0,0,0,0,0,0,0,0,0,0,