//This is the Matrix of Operator and Observable
//The horizontal axis order of the observables are listed as below
sigma_WW@189.1,sigma_1@189.1,sigma_2@189.1,sigma_3@189.1,sigma_4@189.1,sigma_5@189.1,sigma_6@189.1,sigma_7@189.1,sigma_8@189.1,sigma_9@189.1,sigma_10@189.1
//different energy is seperated to different matrix
//The vertical axis order of the Operators are listed as below
cHQM,cHQP,cpt,cHtb,ctW,cbW,ctB,cpDC,cpl3,cpWB,cllp,cll,cpl,cle,cpe,cpq,cpq3,cpu,cpd,clq1,clq3,clu,cld,ceq,ceu,ced,cee,cpb,clQP,clt,clb,ceqt,cet,ceb,cWWW,cbB,ctH,cbH

//ecm=189.1 Matrix:
0.0205442, -0.00103888, -0.000883622, -0.00075643, -0.000589931, -0.00033721, 0.000099824, 0.000924107, 0.00258382, 0.0063316, 0.015636
0.00242585, -0.000122671, -0.000104338, -0.0000893193, -0.000069659, -0.0000398178, 0.0000117872, 0.000109119, 0.000305097, 0.000747635, 0.0018463
-0.0351349, 0.0017767, 0.00151118, 0.00129366, 0.00100891, 0.000576701, -0.00017072, -0.00158042, -0.00441888, -0.0108284, -0.0267408
0.00206538, -0.000104442, -0.0000888337, -0.0000760466, -0.0000593078, -0.0000339009, 0.0000100357, 0.0000929037, 0.000259761, 0.000636538, 0.00157194
0.0920759, -0.00465611, -0.00396026, -0.00339021, -0.00264398, -0.00151133, 0.000447396, 0.00414171, 0.0115803, 0.0283773, 0.0700782
0.010163, -0.000513921, -0.000437117, -0.000374197, -0.000291832, -0.000166814, 0.0000493817, 0.000457145, 0.00127818, 0.00313217, 0.00773493
-0.0137257, 0.000694085, 0.000590356, 0.000505378, 0.000394138, 0.000225293, -0.0000666933, -0.000617404, -0.00172627, -0.0042302, -0.0104465
0.406579, -0.02056, -0.0174873, -0.0149701, -0.011675, -0.00667356, 0.00197557, 0.0182885, 0.0511351, 0.125306, 0.309444
0.495972, -0.0250804, -0.0213322, -0.0182615, -0.0142419, -0.00814084, 0.00240992, 0.0223095, 0.0623779, 0.152856, 0.37748
0.898113, -0.0454159, -0.0386286, -0.0330683, -0.0257895, -0.0147416, 0.00436393, 0.0403985, 0.112955, 0.276794, 0.683546
-0.247986, 0.0125402, 0.0106661, 0.00913076, 0.00712097, 0.00407042, -0.00120496, -0.0111548, -0.0311889, -0.0764279, -0.18874
0., 0., 0., 0., 0., 0., 0., 0., 0., 0., 0.
0., 0., 0., 0., 0., 0., 0., 0., 0., 0., 0.
0., 0., 0., 0., 0., 0., 0., 0., 0., 0., 0.
0., 0., 0., 0., 0., 0., 0., 0., 0., 0., 0.
0., 0., 0., 0., 0., 0., 0., 0., 0., 0., 0.
0., 0., 0., 0., 0., 0., 0., 0., 0., 0., 0.
0., 0., 0., 0., 0., 0., 0., 0., 0., 0., 0.
0., 0., 0., 0., 0., 0., 0., 0., 0., 0., 0.
0., 0., 0., 0., 0., 0., 0., 0., 0., 0., 0.
0., 0., 0., 0., 0., 0., 0., 0., 0., 0., 0.
0., 0., 0., 0., 0., 0., 0., 0., 0., 0., 0.
0., 0., 0., 0., 0., 0., 0., 0., 0., 0., 0.
0., 0., 0., 0., 0., 0., 0., 0., 0., 0., 0.
0., 0., 0., 0., 0., 0., 0., 0., 0., 0., 0.
0., 0., 0., 0., 0., 0., 0., 0., 0., 0., 0.
0., 0., 0., 0., 0., 0., 0., 0., 0., 0., 0.
0., 0., 0., 0., 0., 0., 0., 0., 0., 0., 0.
0., 0., 0., 0., 0., 0., 0., 0., 0., 0., 0.
0., 0., 0., 0., 0., 0., 0., 0., 0., 0., 0.
0., 0., 0., 0., 0., 0., 0., 0., 0., 0., 0.
0., 0., 0., 0., 0., 0., 0., 0., 0., 0., 0.
0., 0., 0., 0., 0., 0., 0., 0., 0., 0., 0.
0., 0., 0., 0., 0., 0., 0., 0., 0., 0., 0.
0., 0., 0., 0., 0., 0., 0., 0., 0., 0., 0.
0., 0., 0., 0., 0., 0., 0., 0., 0., 0., 0.
0., 0., 0., 0., 0., 0., 0., 0., 0., 0., 0.
0., 0., 0., 0., 0., 0., 0., 0., 0., 0., 0.
