//This is the Matrix of Operator and Observable
//The horizontal axis order of the observables are listed as below
sigma_1@189.1,sigma_2@189.1,sigma_3@189.1,sigma_4@189.1,sigma_5@189.1,sigma_6@189.1,sigma_7@189.1,sigma_8@189.1,sigma_9@189.1,sigma_10@189.1
//different energy is seperated to different matrix
//The vertical axis order of the Operators are listed as below
cHQM,cHQP,cpt,cHtb,ctW,cbW,ctB,cpDC,cpl3,cpWB,cllp,cll,cpl,cle,cpe,cpq,cpq3,cpu,cpd,clq1,clq3,clu,cld,ceq,ceu,ced,cee,cpb,clQP,clt,clb,ceqt,cet,ceb,cWWW,cbB,ctH,cbH

//Matrix:
-0.00159445, -0.00154107, -0.0014038, -0.00129814, -0.00105314, -0.000547162, 0.00051301, 0.00286899, 0.008591, 0.0243741
 0.000379751, 0.000366534, 0.000333306, 0.000307418, 0.000248081, 0.000126084, -0.000128887, -0.000694602, -0.00206685, -0.00584884
 0.00185801, 0.00179657, 0.00163743, 0.00151541, 0.00123142, 0.00064408, -0.000587553, -0.00332593, -0.00997931, -0.0283362
 -0.0000376796, -0.0000364598, -0.0000332603, -0.0000308235, -0.0000251155, -0.000013282, 0.0000115666, 0.0000668609, 0.000201298, 0.000572374
 -0.00013155, -0.00013254, -0.000126952, -0.000125996, -0.000116348, -0.0000905731, -0.0000296001, 0.000115514, 0.000486364, 0.00154251
 0.0000285988, 0.0000273478, 0.0000245736, 0.0000222564, 0.0000172873, 7.34311*10^-6, -0.0000131137, -0.0000580511, -0.00016619, -0.000462664
 0.000725846, 0.000701844, 0.000639675, 0.000592008, 0.000481064, 0.000251615, -0.000229532, -0.0012993, -0.00389851, -0.0110698
 -0.0413197, -0.0394617, -0.0353996, -0.0319788, -0.0247001, -0.0101828, 0.0196222, 0.0850107, 0.242202, 0.67286
 -0.0535215, -0.0520633, -0.0478104, -0.0447438, -0.0371733, -0.0211767, 0.0127715, 0.0888082, 0.274619, 0.789197
 -0.0912732, -0.0871689, -0.078196, -0.0706395, -0.0545613, -0.0224932, 0.0433445, 0.187784, 0.535011, 1.48631
 0.0298779, 0.0299571, 0.0285328, 0.0281059, 0.0256291, 0.0193435, 0.00477918, -0.0295108, -0.116475, -0.362998
 0., 0., 0., 0., 0., 0., 0., 0., 0., 0.
 0., 0., 0., 0., 0., 0., 0., 0., 0., 0.
 0., 0., 0., 0., 0., 0., 0., 0., 0., 0.
 0., 0., 0., 0., 0., 0., 0., 0., 0., 0.
 0., 0., 0., 0., 0., 0., 0., 0., 0., 0.
 0.00311709, 0.00392541, 0.00462764, 0.00573403, 0.0070425, 0.00875513, 0.0111649, 0.0148933, 0.0208345, 0.0316003
 0., 0., 0., 0., 0., 0., 0., 0., 0., 0.
 0., 0., 0., 0., 0., 0., 0., 0., 0., 0.
 0., 0., 0., 0., 0., 0., 0., 0., 0., 0.
 0., 0., 0., 0., 0., 0., 0., 0., 0., 0.
 0., 0., 0., 0., 0., 0., 0., 0., 0., 0.
 0., 0., 0., 0., 0., 0., 0., 0., 0., 0.
 0., 0., 0., 0., 0., 0., 0., 0., 0., 0.
 0., 0., 0., 0., 0., 0., 0., 0., 0., 0.
 0., 0., 0., 0., 0., 0., 0., 0., 0., 0.
 0., 0., 0., 0., 0., 0., 0., 0., 0., 0.
 -0.000101354, -0.0000980025, -0.0000893214, -0.0000826654, -0.0000671737, -0.0000351345, 0.0000320509, 0.000181429, 0.00054437, 0.00154573
 0., 0., 0., 0., 0., 0., 0., 0., 0., 0.
 0., 0., 0., 0., 0., 0., 0., 0., 0., 0.
 0., 0., 0., 0., 0., 0., 0., 0., 0., 0.
 0., 0., 0., 0., 0., 0., 0., 0., 0., 0.
 0., 0., 0., 0., 0., 0., 0., 0., 0., 0.
 0., 0., 0., 0., 0., 0., 0., 0., 0., 0.
 0., 0., 0., 0., 0., 0., 0., 0., 0., 0.
 0.000122588, 0.000118534, 0.000108034, 0.0000999839, 0.0000812466, 0.0000424952, -0.0000387656, -0.000219439, -0.000658416, -0.00186957
 0., 0., 0., 0., 0., 0., 0., 0., 0., 0.
 0., 0., 0., 0., 0., 0., 0., 0., 0., 0.