//This is the Matrix of Operator and Observable
//The horizontal axis order of the observables are listed as below
sigma_1@189.1,sigma_2@189.1,sigma_3@189.1,sigma_4@189.1,sigma_5@189.1,sigma_6@189.1,sigma_7@189.1,sigma_8@189.1,sigma_9@189.1,sigma_10@189.1
//different energy is seperated to different matrix
//The vertical axis order of the Operators are listed as below
cHQM,cHQP,cpt,cHtb,ctW,cbW,ctB,cpDC,cpl3,cpWB,cllp,cll,cpl,cle,cpe,cpq,cpq3,cpu,cpd,clq1,clq3,clu,cld,ceq,ceu,ced,cee,cpb,clQP,clt,clb,ceqt,cet,ceb,cWWW,cbB,ctH,cbH

//Matrix:
-0.010355,-0.00462721,-0.0106442,-0.0117117,-0.00948619,-0.0182607,-0.023318,-0.0230301,-0.0364064,-0.0499073
-0.000752385,0.00133031,0.000216268,0.00060589,0.00206651,0.000865381,0.00119411,0.00384866,0.00456155,0.0093175
0.0142637,0.00544099,0.0140483,0.0151701,0.011336,0.023603,0.0300714,0.0279953,0.0451082,0.0597636
-5.24752e-05,-0.000125006,-0.000114129,-0.000149992,-0.000218267,-0.000230375,-0.000298714,-0.000462542,-0.000639258,-0.0010721
0.000115862,-0.00154638,-0.000530695,-0.000736406,-0.00183987,-0.000688032,-0.000712637,-0.00248396,-0.00233032,-0.00444685
0.000178543,0.000113302,0.000192582,0.000200226,0.000175717,0.000282694,0.00035436,0.000339712,0.000497815,0.000624275
0.0051756,0.0018195,0.00513835,0.00560278,0.00416416,0.00889685,0.0114426,0.010791,0.0175833,0.023868
-0.0951782,-0.123978,-0.147156,-0.189178,-0.232528,-0.295499,-0.381743,-0.521896,-0.743441,-1.15229
-0.0787185,-0.134856,-0.190065,-0.275981,-0.364361,-0.503133,-0.694104,-0.995793,-1.48007,-2.43656
-0.152944,-0.217219,-0.278499,-0.370046,-0.467795,-0.615485,-0.806267,-1.13774,-1.64861,-2.62319
0.191054,0.246149,0.294655,0.378574,0.461661,0.592341,0.767281,1.04544,1.48624,2.29965
0,0,0,0,0,0,0,0,0,0
-0.110167,-0.109733,-0.100699,-0.0963729,-0.082711,-0.0686445,-0.0441201,-0.00690702,0.0656812,0.238863
0,0,0,0,0,0,0,0,0,0
-0.0241808,-0.0266812,-0.0269849,-0.0290481,-0.0284735,-0.0286194,-0.0274385,-0.0265217,-0.0240666,-0.0214147
0,0,0,0,0,0,0,0,0,0
0.0740482,0.0927759,0.109235,0.138623,0.166932,0.2118,0.270681,0.364129,0.513162,0.787114
0,0,0,0,0,0,0,0,0,0
0,0,0,0,0,0,0,0,0,0
0,0,0,0,0,0,0,0,0,0
0,0,0,0,0,0,0,0,0,0
0,0,0,0,0,0,0,0,0,0
0,0,0,0,0,0,0,0,0,0
0,0,0,0,0,0,0,0,0,0
0,0,0,0,0,0,0,0,0,0
0,0,0,0,0,0,0,0,0,0
0,0,0,0,0,0,0,0,0,0
-0.000485545,-0.000738536,-0.000779414,-0.000532135,-0.000887024,-0.000449523,-0.00147165,-0.00153788,-0.00124646,-0.00271737
0,0,0,0,0,0,0,0,0,0
0,0,0,0,0,0,0,0,0,0
0,0,0,0,0,0,0,0,0,0
0,0,0,0,0,0,0,0,0,0
0,0,0,0,0,0,0,0,0,0
0,0,0,0,0,0,0,0,0,0
0.0460821,0.0446409,0.0394887,0.0364598,0.0293931,0.0217272,0.00913817,-0.00790136,-0.0387638,-0.108754
0.000484523,0.000292591,0.000573142,0.000672796,0.000653582,0.00110169,0.00144103,0.00165038,0.00255114,0.00383363
0,0,0,0,0,0,0,0,0,0
0,0,0,0,0,0,0,0,0,0
